   1 M 999 999 999 999 999 999 999 -9.999 -9.999 
   2 E 999 999 999 999 999 999 999 -9.999 -9.999 
   3 K 999 999 999 999 999 999 999 -9.999 -9.999 
   4 N 999 999 999 999 999 999 999 -9.999 -9.999 
   5 G 999 999 999 999 999 999 999 -9.999 -9.999 
   6 N 999 999 999 999 999 999 999 -9.999 -9.999 
   7 N 999 999 999 999 999 999 999 -9.999 -9.999 
   8 R 999 999 999 999 999 999 999 -9.999 -9.999 
   9 K 999 999 999 999 999 999 999 -9.999 -9.999 
  10 L 999 999 999 999 999 999 999 -9.999 -9.999 
  11 R   9  97  96  57  60  15   0 -0.419 -0.482 
  12 V  98  97  10  96  58  15   0 -0.381 -0.523 
  13 C  11  10   9  80 108  16   0 -0.668 -0.582 
  14 V  98  11  10  99  13  14   0 -0.621 -0.579 
  15 A 109  11  13  99  10  14   0 -0.568 -0.536 
  16 T 109  13  98 118  14  14   0 -0.204 -0.134 
  17 C 111  12  63 110  82  13   0 -0.129 -0.121 
  18 N 119 111  43 112  49  11   2  0.582  0.546 
  19 R 112  65  37 120   2   5   2  0.791  0.556 
  20 A  17  66  38   3  18  13   2  0.725  0.563 
  21 D  38  39  48  67   1  10   2  0.474  0.276 
  22 Y  39  68  19  86  51  15   1  0.304  0.650 
  23 S  88  38  80   6  40  14   1  0.091  0.139 
  24 K  27  21  23  25  39  13   0 -0.338 -0.208 
  25 L  41  23  68  40  24  16   0 -0.497 -0.353 
  26 A  41  25  23  26  27  15   0 -0.519 -0.330 
  27 P  25  98  27  41  26  17   0 -0.546 -0.365 
  28 I  24  80  11  41  42  13   0 -0.540 -0.408 
  29 M  23  69  42  26  24  13   0 -0.401 -0.338 
  30 F  70  42  44  41  99  13   1 -0.100 -0.150 
  31 G  42  45  70  62 100  14   1  0.061  0.009 
  32 I  69  28  46  63 111  12   1  0.071  0.096 
  33 K  43  44  88  89 112  15   2  0.630  0.781 
  34 T  45  43  47 119  30  14   2  0.818  0.631 
  35 E  46   5  31  72  73  11   2  0.838  0.548 
  36 P  32  86  90 113  46  13   2  1.202  0.889 
  37 E  38 115  76  77  18  13   1  0.437  0.357 
  38 F  39  92  86  19 107  11   1  0.426  0.461 
  39 F  68  40  35  51  88  15   1  0.104  0.492 
  40 E  96  97  51  48   9  13   1  0.074  0.039 
  41 L  59   6  93  80 107  13   1 -0.082 -0.131 
  42 D  93   6   9  53  60  13   1  0.024  0.061 
  43 V 115  10  98  26  96  15   0 -0.559 -0.549 
  44 V  11  12  41 109  27  14   0 -0.558 -0.374 
  45 V 117  81 101  26  63  11   0 -0.341 -0.221 
  46 L  82  64  72  10  14  15   1 -0.009 -0.169 
  47 G  53  14   1 119 112  11   2  0.551  0.505 
  48 S  37  16  66  75  15  13   2  0.965  0.864 
  49 H  17  54  16 116  66  11   2  0.578  0.597 
  50 L   1  18  55   2 107  12   1  0.141  0.738 
  51 I  73  68  47  18  22  13   1  0.549  0.531 
  52 D  44  74  27  88  19  16   1  0.363  0.537 
  53 D  45  24  27   5  39  14   1  0.291  0.121 
  54 Y  23  24   6  31  40  12   1 -0.116 -0.105 
  55 G  51  69  88  41  77  13   1  0.189  0.433 
  56 N  44  27  33  52  70  14   2  0.260  0.243 
  57 T  42  50  97  95  56  14   0 -0.146 -0.134 
  58 Y 115  59  42  69  28  12   0 -0.297 -0.288 
  59 R  44  97  98  12  70  12   1 -0.166 -0.174 
  60 M  98  71 108  30  44  16   1  0.041  0.080 
  61 I  12  72  46  45 120  11   2  0.515  0.379 
  62 E  14  43 112 111 101  11   1  0.281  0.293 
  63 Q 102  46 119  83   5  10   2  0.828  0.550 
  64 D  15 112  52 103 113   9   2  1.331  0.855 
  65 D  16  53  37  32  76  10   2  0.827  0.742 
  66 F  17 115  59  76  51  11   1  0.272  0.346 
  67 D   7  34  36  60 106  14   1  0.017 -0.039 
  68 I  96   3  51   8  68  13   1 -0.039  0.118 
  69 N  20  97   9  95 108  13   0 -0.277 -0.295 
  70 T  98  10  99  96  81  16   0 -0.547 -0.576 
  71 R  11   9  10  12  99  14   0 -0.701 -0.597 
  72 L  98  10  99  53  63  14   1 -0.319 -0.329 
  73 H  12  61  10  11  98  15   0 -0.672 -0.560 
  74 T  53  72 120  42  13  10   1  0.295  0.230 
  75 I  12  69 120 116  76   9   1  0.276  0.083 
  76 V  69  17  82 116  43   9   1  0.186  0.041 
  77 R 120  70  36 103  55   8   2  0.742  1.078 
  78 G  71  17  16  72  82   7   2  0.541  0.504 
  79 E 103  85 102  46  89   9   2  1.188  1.184 
  80 D   2 119 113  36  76   5   2  0.914  0.657 
  81 E  19  76 113  37   3   4   2  0.974  0.506 
  82 A  17  86  20 105  75  10   2  0.839  0.723 
  83 A 106   2  76  95  21  11   1  0.205  0.067 
  84 M   8  96  40  56  79   7   0 -0.237 -0.186 
  85 V  68 108 107  27  57   9   0 -0.381 -0.315 
  86 E   9  27  25  26  61  11   0 -0.570 -0.409 
  87 S  10  25  26  40  22  13   0 -0.568 -0.359 
  88 V  23  41  11   9  24  13   0 -0.621 -0.514 
  89 G  58  26  41  27  25  13   0 -0.344 -0.274 
  90 L  24  98  27  25  26  14   0 -0.534 -0.361 
  91 A   6   1  24  42  10  18   1 -0.222 -0.144 
  92 L  69  28  57  68  71  16   1 -0.058 -0.023 
  93 V  44  27  98  12  88  12   1 -0.110  0.020 
  94 K  45  24 120  27  64  14   1  0.269  0.149 
  95 L   1  24  46  41  37  11   1  0.088  0.175 
  96 P  41  90  57  27  75  14   1  0.260  0.171 
  97 D  44  21  24  27  47  16   1  0.179  0.079 
  98 V  50  72  45  42  24  14   1  0.118  0.113 
  99 L  55  88  28  69  46  17   1  0.158  0.678 
 100 N  70  44  47  69  88  19   2  0.702  0.473 
 101 R   5  48  44  30  45  19   2  1.016  0.497 
 102 L  46  72   6   5  35  15   2  0.662  0.415 
 103 K  46  90  89   3  51  15   2  0.621  0.869 
 104 P  74  47  56  48  52  14   1  0.944  0.660 
 105 D  93  57  58  79   5  11   1  0.465  0.245 
 106 I  58  94 115  97   8  12   0 -0.365 -0.194 
 107 M 107  59  60 115  80  15   0 -0.472 -0.535 
 108 I 116 108  98  99  60  12   0 -0.480 -0.494 
 109 V 117 109  63 100  13  10   0 -0.298 -0.223 
 110 H 109 118  83 101  14  14   1  0.118  0.132 
 111 G 102  63  53 112 111  10   1  0.466  0.424 
 112 D  83 112 120 119  85  16   2  1.253  0.829 
 113 R   1 120 114 113  37  12   2  1.042  0.685 
 114 F  18  17  92  51 114  12   2  0.789  0.943 
 115 D 116  39  77  18  86  12   1  0.528  0.527 
 116 A  38  40   3  39  22  14   1  0.026 -0.003 
 117 L  68  40  22  25  23  17   0 -0.478 -0.229 
 118 A  68  41  26  40  25  16   0 -0.491 -0.285 
 119 L  25  41  27  26  23  18   0 -0.519 -0.330 
 120 A  23  25  24  41  26  18   0 -0.521 -0.355 
 121 T  23  24  26  41  25  16   0 -0.521 -0.355 
 122 S  23  26  25  27  41  18   0 -0.519 -0.330 
 123 A  23  27  28  44  25  16   0 -0.300 -0.158 
 124 A  42  25  24  29  23  15   0 -0.363 -0.183 
 125 L  30  69  28  23  44  16   1 -0.014 -0.023 
 126 M  70  47  77  24  46  17   1  0.574  0.367 
 127 N  48  32   5  71  53  17   2  1.048  0.612 
 128 I  46   6  79  59  80  16   1  0.075 -0.049 
 129 R  60  58  96  77  47  12   1  0.344  0.043 
 130 I   8  98  58  48  80  15   0  0.053 -0.214 
 131 L  80  12 116  52  93  16   1 -0.084  0.068 
 132 H  16 120 116  53 101  13   1  0.439  0.442 
 133 I 117  55  29  63  82  15   1 -0.090  0.381 
 134 E 118  83  57  30 103  13   2  0.734  0.589 
 135 G 119  15  31  57 103  10   2  0.886  0.637 
 136 G  75  58  16  48  76   8   2  1.074  0.613 
 137 E  49  86 116  43  17   7   2  0.564  0.605 
 138 V  34  56   3   8  18   7   1  0.395  0.189 
 139 S  31  71  51  16  19  11   2  0.490  0.845 
 140 G  82 111  35  55  88   9   1  0.277  0.806 
 141 T   2  43  34  49  83  12   2  0.570  0.449 
 142 I  65  19   3  37   1  10   2  0.515  0.413 
 143 D  20  75  88  66  70  12   2  0.793  0.643 
 144 D  76  74  19 120  67  14   2  0.648  0.571 
 145 S  68  40  38  22  87  15   1 -0.062  0.331 
 146 I  23  41  27  67  42  15   0 -0.396 -0.275 
 147 R  25  27  33  41  44  14   1 -0.152 -0.002 
 148 H  23  45  24  27  25  13   0 -0.206 -0.105 
 149 A  23  26  27  24  25  12   0 -0.507 -0.326 
 150 I  25  26  27  82  41  12   0 -0.406 -0.307 
 151 T  25  44  27  24  23  13   0 -0.316 -0.196 
 152 K  23  24  45  25  26  15   0 -0.217 -0.140 
 153 L  23  28  41  24  98  13   0 -0.539 -0.420 
 154 A  77  11  57  56 115  14   0 -0.120 -0.135 
 155 H  97  58   9  25  98  14   0 -0.434 -0.430 
 156 Y  59  80  11  99  10  11   0 -0.540 -0.596 
 157 H  53  11 116  60  70  12   1 -0.033 -0.120 
 158 V  63  43  71  61  98  12   1 -0.139 -0.089 
 159 C  72  12  63  13 108   9   1 -0.238 -0.125 
 160 C  14  65  83 111  72  12   2  0.480  0.354 
 161 T   1  65 102  73 118  15   2  0.539  0.576 
 162 R  20 120  16  66  86  11   2  0.927  0.900 
 163 S 120  85  38  55  66  14   2  0.886  1.128 
 164 A   2  39  36   3  18  10   1  0.479  0.473 
 165 E  73  68   3  47  36  11   1  0.680  0.515 
 166 Q  75   5  96  41   4   9   1  0.642  0.303 
 167 H 115  59   6   5  21   9   1  0.193 -0.066 
 168 L  28 106  78  59  42  11   0 -0.167 -0.251 
 169 I  88  69  82  97  42   8   0 -0.016 -0.048 
 170 S  69  97  89  44  14  13   1  0.113  0.272 
 171 M  70 119 100  31  45  12   2  0.522  0.355 
 172 C  16  53  32  81 118  11   1  0.474  0.577 
 173 E  49  84 112 102  88  13   2  0.910  0.775 
 174 D  34  50 103 120  89  16   2  0.899  0.851 
 175 H  74 103  51  31  76  10   2  0.892  1.009 
 176 D  75  58 104  86  76  11   1  1.003  0.727 
 177 R  76  96  59  33  78  14   1  0.275 -0.010 
 178 I 115   8 107  96   7  16   0 -0.420 -0.392 
 179 L   8  96  97 107 108  11   0 -0.482 -0.435 
 180 L 117 108  61  82  13  17   0 -0.310 -0.279 
 181 A  14  10 108  12  99  15   0 -0.476 -0.371 
 182 G  53  15  57 111 119  10   2  0.570  0.485 
 183 C  65  83  37  16 112   9   2  0.823  0.677 
 184 P  17  65  66 120   1   9   2  0.722  0.608 
 185 S  18 120  56  55  38   8   1  0.453  0.857 
 186 Y  68  97  39   3  86  10   1  0.273  0.196 
 187 D  68  77  66  98  58  11   1  0.115  0.002 
 188 K  53  67  94  68  74  13   1  0.107  0.411 
 189 L  24  40  23  25  69  14   0 -0.415 -0.284 
 190 L  23  43  26  60  24  14   0 -0.377 -0.318 
 191 S 109  71  44  61  27  13   1 -0.112 -0.087 
 192 A  71  72  45 101  27  14   1  0.217  0.226 
 193 K  88  72  73 111  83  10   2  0.719  0.646 
 194 N  73  47 112  67  83  10   2  0.934  0.620 
 195 K  19  47  68  74  44  12   2  0.553  0.564 
 196 D  38  86 113  75   4  12   2  1.277  0.928 
 197 Y  39  86  68  76  51  13   1  0.448  0.646 
 198 M  68 107  96  27  23  15   0 -0.442 -0.415 
 199 S  41  25  42  96  27  13   0 -0.429 -0.275 
 200 I  24  25  23  27  42  15   0 -0.483 -0.280 
 201 I  24  26  42  23  57  14   0 -0.398 -0.325 
 202 R  28  44  69  98  61  14   1 -0.245 -0.268 
 203 M  44  42  29  52  25  15   1  0.016  0.123 
 204 W  71  45   5  53  69  15   2  0.697  0.463 
 205 L  72  70  42  69  31  13   1  0.259  0.124 
 206 G  73  28  47  72  89  11   2  0.668  0.751 
 207 D  43  72  44  49  48  13   2  0.681  0.388 
 208 D  71  28  83  81  54   9   1  0.198  0.243 
 209 V  46  88  84  35  81  10   1  0.609  0.563 
 210 K  47  45  72 111  89  13   2  0.807  0.852 
 211 S   5 113 103  51   4  11   2  1.361  1.021 
 212 K  93  57 114 113   6  11   2  0.803  0.495 
 213 D  94   6 114  78  59  13   1  0.233  0.098 
 214 Y 115  96  59   8 107  13   0 -0.415 -0.452 
 215 I  60   8  96  59  97  14   0 -0.395 -0.454 
 216 V   9  10  97  98  96  13   0 -0.610 -0.635 
 217 A  98  99  10 109  11  11   0 -0.629 -0.621 
 218 L  99  14  98  11  12  12   0 -0.495 -0.387 
 219 Q  53 109 111  63  57  12   1  0.076  0.091 
 220 H  63  83 109 120 112  11   1  0.507  0.250 
 221 P  15  84  85  63 110   7   1  0.963  0.595 
 222 V  75  85 120  51  53  10   2  1.139  1.089 
 223 T  86  76  75 115  47   2   2  0.977  0.753 
 224 T  86  17  87   6  54   8   2  0.772  1.010 
 225 D  34  36  35  18  38   5   2  0.529  0.551 
 226 I  73  37  51  19  86   4   2  0.708  0.981 
 227 K  20  72  66  19  44   6   2  0.470  0.366 
 228 H  20  67  21  54  50   7   1  0.155  0.177 
 229 S   3  22  73  76  18   4   1  0.648  0.463 
 230 I  68   3  86  26  19  12   1  0.323  0.305 
 231 K  27  25  44  41  26  13   0 -0.325 -0.196 
 232 M  27  24  25  26  45  15   0 -0.203 -0.100 
 233 F  68  23  41  27  26  16   0 -0.493 -0.354 
 234 E  27  26  25  23  41  16   0 -0.519 -0.330 
 235 L  27  25  41  24  26  15   0 -0.507 -0.314 
 236 T  24  27  41  25  23  14   0 -0.510 -0.319 
 237 L  23  41  27  42  24  15   0 -0.499 -0.348 
 238 D  27  41  44  25  24  18   0 -0.316 -0.185 
 239 A  24  25  27  42  26  17   0 -0.480 -0.275 
 240 L  72  69  42  24  28  16   1 -0.169 -0.148 
 241 I  88  69  44  29  47  16   1  0.605  0.463 
 242 S  47  83  70  71  44  16   2  0.804  0.536 
 243 F   5  45  71  46  30  13   2  0.791  0.576 
 244 N  46  88  90  47  89  16   2  0.929  0.992 
 245 K  77  76  48  47  33  13   2  1.054  0.581 
 246 R  93   5  78 114   6  14   2  0.744  0.420 
 247 T  95  94  58   7  60  14   0 -0.166 -0.171 
 248 L  58 115  10  96 106  15   0 -0.303 -0.417 
 249 V  97 107  98  96  56  14   0 -0.385 -0.458 
 250 L  11  10  99  98  60  11   0 -0.654 -0.660 
 251 F  99  98  12  61  14  15   0 -0.465 -0.378 
 252 P  63  13 111  99  11  13   0 -0.287 -0.206 
 253 N  16  12  83  54  13  15   1  0.258  0.412 
 254 I  63  17  82 111  84  12   1  0.541  0.364 
 255 D 120  83 118  85  64  11   2  1.001  0.707 
 256 A  65  19  74  37  84  14   2  0.792  0.745 
 257 G  38  66  20  85   2  15   2  0.865  0.704 
 258 S  67 105  86  39  21  14   1  0.288  0.264 
 259 K   3  40  68 106  66  13   1  0.084 -0.001 
 260 E 107  38  21  96   4  15   1  0.094 -0.066 
 261 M  95  39  40  27  24  16   0 -0.294 -0.239 
 262 V  23  25  96  41  56  16   0 -0.337 -0.271 
 263 R  44  41  23  57  61  16   1 -0.244 -0.262 
 264 V  25  23  42  27  24  12   0 -0.483 -0.280 
 265 M  24  41  25  26  28  15   0 -0.493 -0.301 
 266 R  47  42  53  11  70  13   1  0.354  0.242 
 267 K  44  69  71  14  42  15   1  0.109  0.094 
 268 K  70  45  72  44   5  15   2  0.782  0.397 
 269 G  71  81  42  72 101  12   1 -0.059  0.034 
 270 I  46  69  72  88 102  13   2  0.476  0.414 
 271 E  47  89  44 103   5  14   2  1.202  1.015 
 272 H  48  45   5  71 120  10   2  1.164  0.603 
 273 H  46   3  86  76  92  10   2  0.969  0.724 
 274 P  77  90   7  96  51  13   1  0.254  0.358 
 275 N  58  48  96  78   8  15   1  0.330 -0.103 
 276 F  59 115   6  97  79  12   0 -0.144 -0.232 
 277 R  60  96 115  59   8  16   0 -0.401 -0.429 
 278 A  97  98  96 107  56  17   0 -0.385 -0.458 
 279 V  12  98  99 108  63  17   0 -0.505 -0.380 
 280 K  13 109 119  70  14  12   1  0.127  0.057 
 281 H  65  14  71 118  53  15   2  0.429  0.440 
 282 V  63 111  66 119  72  13   2  0.436  0.365 
 283 P 120   2  64  54  16  12   2  0.647  0.642 
 284 F  19  65  18  37   3  12   2  0.644  0.493 
 285 D  20  66   3  22  68  16   1  0.229  0.140 
 286 Q  94  38  21  67   2  14   1  0.019  0.199 
 287 F  40  68  22  59  76  18   1 -0.093 -0.126 
 288 I  68  23  59  40 108  13   0 -0.405 -0.342 
 289 Q  24  23  44  25  27  12   0 -0.316 -0.196 
 290 L  42  23 117  25  41  16   0 -0.433 -0.240 
 291 V  46  28  43 111  69  16   1  0.154  0.197 
 292 A 112  53 102  46  26  14   1  0.443  0.367 
 293 H  53   5  48  30  52  15   2  0.951  0.548 
 294 A  58  52  59  31  93  15   1  0.356  0.238 
 295 G 106   7  58  28  96  10   0 -0.143 -0.243 
 296 C 107  96  56 116  97  13   0 -0.278 -0.396 
 297 M 108  34  56 116  55   7   1  0.007  0.355 
 298 I  35  12  55  43 108   6   1 -0.140  0.539 
 299 G  12  14  82 118 101  10   0 -0.102 -0.005 
 300 N  53 102  83 119  14  12   2  0.561  0.475 
 301 S  53 102 112  37 120   8   2  0.798  0.604 
 302 S  20  38  17  85 104   5   2  0.972  0.759 
 303 C  38  39  17   1 120   7   2  0.519  0.471 
 304 G  34   7  33   1  68   8   1  0.171  0.175 
 305 V   7  51  56  55 107   7   0 -0.142  0.547 
 306 R  55  97  51  88  74   9   1  0.200  1.082 
 307 E  97 120  48  40  58   9   1  0.441  0.034 
 308 V  28  86 112 120  49   9   1  0.746  0.678 
 309 G  84  29  75  12  77   5   1  0.603  0.497 
 310 A  48 107  30 118  85   9   1  0.880  0.504 
 311 F  86  31  79  15  51   7   2  0.676  0.863 
 312 G  53  94  57  32  93  10   1  0.310  0.501 
 313 T  33  97  78   9  98  13   1 -0.265 -0.300 
 314 P  58  79  98  80  11  16   0 -0.308 -0.363 
 315 V   8  98  97  60  80  15   0 -0.577 -0.498 
 316 I  97 108  99  12 116  13   0 -0.465 -0.383 
 317 N  98 109 108  13  56  16   0 -0.370 -0.309 
 318 L  14  82 109 110  61  13   0 -0.209 -0.325 
 319 G 111  53  12  83  57  13   1  0.243  0.285 
 320 T 119  83  53 120   1   8   2  0.731  0.615 
 321 R  54  84   5 120  83   2   2  1.140  0.708 
 322 Q  85  86  17 120 112   5   2  1.373  1.073 
 323 I  17  86  85  39  87   6   2  1.072  1.197 
 324 G  18  36   1   2  56  11   1  0.383  0.581 
 325 R  37  76  19  51  48   4   2  0.778  0.669 
 326 E  49  35  38   8  50   3   1  0.140  0.319 
 327 T  39 107 117  36 115  12   0 -0.211 -0.087 
 328 G  96  87 117  52  51   7   1  0.184  0.664 
 329 E 103  77  96   9  90   7   1  0.469  0.257 
 330 N  58  10  98  56  26  14   0 -0.319 -0.426 
 331 V  98  80  10   9  58  13   0 -0.509 -0.582 
 332 L  97  96  98  10  59  15   0 -0.468 -0.580 
 333 H  97  98 108  58  60  12   0 -0.379 -0.444 
 334 V 117  98  63 108  80  17   0 -0.412 -0.321 
 335 R  12  13  72  83  99  13   1 -0.041 -0.045 
 336 D 102  73 112 109  14  16   1  0.446  0.332 
 337 A  12  83  16 110  84  16   1  0.525  0.463 
 338 D  85  17 120   2  66  11   2  1.125  0.873 
 339 T   1  18   2  86  67  13   2  0.594  0.749 
 340 Q  68  19  76  47  86  10   2  0.803  0.680 
 341 D  66  20  44 107   7  15   1  0.165  0.042 
 342 K  27  40  21   6  87  13   1 -0.028  0.254 
 343 I  23  40  22  24  68  15   0 -0.482 -0.292 
 344 L  23  41  82  24  25  15   0 -0.411 -0.336 
 345 Q  27  26  25  41  24  13   0 -0.507 -0.314 
 346 A  25  24  26  41  23  14   0 -0.521 -0.355 
 347 L  23  24  27  41  25  16   0 -0.510 -0.319 
 348 H  41  23  27  26  24  13   0 -0.523 -0.393 
 349 L  24  27  25  41  44  15   0 -0.316 -0.185 
 350 Q  24  42  25  23  45  16   0 -0.193 -0.094 
 351 F  42  23  41  69  24  15   0 -0.404 -0.331 
 352 G  44  69  41  70  28  16   1  0.009 -0.062 
 353 K  42  70  24  25  27  17   0 -0.252 -0.132 
 354 Q  45  24  28  34  42  14   1  0.085 -0.004 
 355 Y  69  42  70  88  46  14   1  0.323  0.277 
 356 P  70  44  74  45  58  10   1  0.609  0.445 
 357 C   5  43  48  58   6   4   1  0.830  0.273 
 358 S 115  58   6  28  53   2   1  0.073  0.007 
 359 K 116  29  58  60  96   2   0 -0.097 -0.269 
 360 I   3 115  55 117  56   2   0 -0.006  0.385 
 361 Y  88  38  35  55  12   3   1  0.142  0.794 
 362 G 117  82  39  17  88   2   1  0.309  0.270 
 363 D   1 119   2  48  36   2   2  0.690  0.591 
 364 G  37  19  65  16   3   4   2  0.650  0.553 
 365 N  20  38  17  66  75   7   2  0.740  0.603 
 366 A  39   1  21  18  67  12   1  0.187  0.268 
 367 V   3  40  68  18  19  16   1  0.215  0.209 
 368 P  20  66  25  27  38  16   1  0.108  0.182 
 369 R  23  25  24  27  41  13   0 -0.510 -0.319 
 370 I  23  24  68  22  41  16   0 -0.482 -0.312 
 371 L  23  41  25  57  27  16   0 -0.411 -0.266 
 372 K  44  41  25  24  27  17   0 -0.316 -0.185 
 373 F  23  42  45  24  27  13   0 -0.195 -0.133 
 374 L  28  69  24  46  12  15   1 -0.192 -0.093 
 375 K  29  70  47  69  52  14   2  0.560  0.369 
 376 S  30  71  48  53   5  15   2  0.956  0.569 
 377 I  42  31  15  72   5  13   2  0.654  0.383 
 378 D  32 120  28  20  54  15   1  0.523  0.423 
 379 L  43  49  45  56  82  11   1  0.365  0.267 
 380 Q  83  34  36  89  30  13   2  0.596  0.737 
 381 E  16   5  70  31  44  13   2  0.800  0.576 
 382 P  55  48  71  32  45   7   2  0.782  0.946 
 383 L  38  72  88  85 112  10   2  1.023  0.780 
 384 Q  89  39   2  28  55   7   1  0.082  0.875 
 385 K  75  79  48  77 119  10   2  0.891  0.502 
 386 K  48  93   5  94  95   8   1  0.646  0.420 
 387 F   6  94   8  59  46   6   1 -0.046  0.054 
 388 C 107  43  56  96 115   6   0 -0.205 -0.239 
 389 F 117  61  96  98  99   6   0 -0.433 -0.447 
 390 P  11  57  93  52  10   9   1 -0.112 -0.040 
 391 P  98  58  57  94  20   8   0 -0.097 -0.068 
 392 V  59  10  58  11  99  11   0 -0.365 -0.539 
 393 K  99   9  58  60  81  13   0 -0.413 -0.502 
 394 E  98  70  61  63 101  11   1 -0.229 -0.233 
 395 N  12  71  44  62  81  14   1 -0.149 -0.041 
 396 I  63  82  72  46  55  11   1  0.138  0.495 
 397 S  28  88 111 112  73  14   1  0.577  0.569 
 398 Q 112  47  29  43  15  14   2  0.841  0.601 
 399 D  30  34 102  71  75  11   2  0.710  0.548 
 400 I  31  86  17   3 105  10   2  0.777  0.583 
 401 D  32  54  90  77  12   8   1  0.459  0.433 
 402 H  49  48  33  38   4   9   2  0.822  0.549 
 403 I  34  50  54  93  95   6   2  0.375  0.329 
 404 L  51  88  55 112   5   9   1  0.657  1.171 
 405 E  44  76  46  95  56  14   1  0.435  0.190 
 406 T   5  58  93  52   6  11   1  0.614  0.382 
 407 L  95  76  59  28  78  16   1  0.179 -0.115 
 408 S  52  79  97  96  77  16   1  0.055 -0.004 
 409 A 107  97  95   5  96  17   1  0.026 -0.254 
 410 L  59  52  80 108  79  15   1 -0.126 -0.137 
 411 A 108  28  99  58  14  15   0 -0.203 -0.234 
 412 V  63 101  99 108  13  13   0 -0.384 -0.271 
 413 D  83 120 102 118  50  13   2  0.591  0.509 
 414 L  63  55  14 101  82  14   1 -0.130  0.344 
 415 G 102  83 111  64   2  16   2  0.466  0.442 
 416 G 120  65  14  37  15  15   2  0.729  0.493 
 417 T  68  33  75   3  20  16   1  0.507  0.340 
 418 N  67  94  53 105   7  10   1  0.041  0.156 
 419 L   8  51  68  55   3  12   1 -0.040  0.654 
 420 R  96  97   9 108   7  15   0 -0.433 -0.421 
 421 V  98 107   8  68  97  14   0 -0.549 -0.465 
 422 A 108  11  12  80   9  17   0 -0.636 -0.450 
 423 I  98  63  13  12  23  16   0 -0.488 -0.342 
 424 V  82 109  12  14 111  15   0 -0.123 -0.073 
 425 S 102 101  83  16  53  17   2  0.505  0.585 
 426 M 102  15 103 111 112  17   2  0.985  0.776 
 427 K  85 104  73 103  76   9   2  1.451  1.048 
 428 G 113  39  86 114  92  10   2  1.120  0.829 
 429 E  48  75   4  33  49  16   2  1.028  0.687 
 430 I  56   7  54 115  67  14   1 -0.003  0.010 
 431 V  55  51  88  35  87  13   1  0.380  1.431 
 432 K  97  44  96   9  47  12   1  0.103 -0.079 
 433 K   5  98  97  57  53  12   1  0.174 -0.002 
 434 Y  75   5  53  80  52  11   2  0.662  0.456 
 435 T  53 115  70  57 120  11   1  0.371  0.223 
 436 Q  71  49  43  11 115   8   1 -0.006  0.129 
 437 F  82 117  12  72 116   7   1 -0.095 -0.139 
 438 N 118  14  70  61  56  13   1  0.129  0.075 
 439 P  48  12  65 119  75  10   2  0.767  0.446 
 440 K 120 111  16  88  20   3   1  0.732  0.757 
 441 T   2 119  46  86  17  11   2  0.808  0.801 
 442 Y   3  19  18  75   1   7   2  0.711  0.635 
 443 E  19  86  75  66  20  13   2  0.842  0.802 
 444 E  20  39  17  38  67  13   1  0.320  0.261 
 445 R  67  40  18   6   3  12   1  0.305  0.177 
 446 I  40  68   3  22  73  13   1  0.094  0.072 
 447 N  41  27  26  25  24  13   0 -0.507 -0.314 
 448 L  24  26  25  27  41  13   0 -0.507 -0.314 
 449 I  24  25  27  41  23  15   0 -0.510 -0.319 
 450 L  26  41  23  27  25  16   0 -0.519 -0.330 
 451 Q  25  41  26  27  23  14   0 -0.519 -0.330 
 452 M  25  24  27  41  23  14   0 -0.510 -0.319 
 453 C  24  23  41  25  27  14   0 -0.510 -0.319 
 454 V  41  27  26  25  23  15   0 -0.519 -0.330 
 455 E  25  27  24  41  44  14   0 -0.316 -0.185 
 456 A  24  25  41  27  42  16   0 -0.483 -0.268 
 457 A  42  41  23  24  27  15   0 -0.499 -0.348 
 458 A  27  69  44  42  47  15   1  0.233  0.122 
 459 E  70  24  45  42  44  14   1  0.215  0.109 
 460 A  71  42   5  28  45  16   1  0.409  0.288 
 461 V  88  46  72  31  69  14   2  0.511  0.414 
 462 K  44  88  29  47  90  18   2  0.800  0.625 
 463 L  30  46   5  14  71  13   2  0.615  0.459 
 464 N   5  31  50  72  93  13   2  0.620  0.496 
 465 C  46  76  32  90  86  13   2  0.983  0.787 
 466 R  93   5  48  79  77  15   2  0.855  0.479 
 467 I  78 107  51  95   5  13   1  0.278  0.178 
 468 L  97 115  77  79  93  14   1  0.002  0.086 
 469 G  58 107  48  95  97  16   1  0.200 -0.232 
 470 V  96   9  80  93  79  16   1 -0.209 -0.141 
 471 G  58   8  96 107  99  17   0 -0.330 -0.440 
 472 I  10  99  12  98 107  17   0 -0.659 -0.610 
 473 S 109  10  57  98  11  16   0 -0.519 -0.524 
 474 T  14  10  98  99 117  13   0 -0.424 -0.415 
 475 G  57  58  99  97  83   8   1  0.031 -0.171 
 476 G  98  63  16  53 116  10   1  0.101  0.158 
 477 R  54  16  83 116  84  16   2  0.767  0.642 
 478 V  82  35 102  63  55  16   1  0.096  0.563 
 479 N 102 120  83 118  51  12   2  0.613  0.733 
 480 P  74  15  65 103 102  10   2  0.968  0.870 
 481 R  53  75 120 104 103  12   2  1.199  0.910 
 482 E  58 105  67  76  53  11   1  0.436  0.174 
 483 G 107   8  59 106  56  12   0 -0.293 -0.338 
 484 I  96   7 116   9  97  13   0 -0.369 -0.435 
 485 V  56   8  35  61  97  13   0 -0.223 -0.138 
 486 L  12  82  43 108  57  16   1 -0.172 -0.122 
 487 H  98  63 112  58  10   9   0 -0.055 -0.253 
 488 S  98  14  58 112  99   8   0  0.050 -0.148 
 489 T  98  12  53  58 112  11   1  0.136  0.046 
 490 K 120  16 116 115  21   5   1  0.236  0.209 
 491 L  56  43   1  76  79   5   1  0.330  0.287 
 492 I 116  85   3 117 118   2   1  0.648  0.389 
 493 Q  70  35  61  99  55   5   1 -0.061  0.397 
 494 E  58  48  45  53  71   2   2  0.828  0.438 
 495 W  72  54  89 112  46   2   2  0.651  0.747 
 496 N   2  18  90   1  47   8   2  0.835  0.772 
 497 S  71   1  65  73  19   6   2  0.521  0.577 
 498 V  66  19  72  37  79  11   2  0.454  0.396 
 499 D  38  20   2  34  90  14   2  0.583  0.379 
 500 L  39   1  40 107  68  18   1 -0.252 -0.130 
 501 R  68  20  40  75  27  18   1  0.075  0.103 
 502 T  41  44  21  23  27  16   1 -0.275 -0.232 
 503 P  24  40  26  25  27  18   0 -0.506 -0.295 
 504 L  42  23  28  72  24  16   0 -0.278 -0.204 
 505 S  28  88  47  89  44  17   1  0.617  0.767 
 506 D  29  45  48  30   5  19   2  0.955  0.500 
 507 T  46  31  30   5  54  19   2  0.737  0.551 
 508 L  31  51  46  88  90  18   2  0.641  0.803 
 509 H  32  48 107  76  57  19   1  0.623  0.165 
 510 L  33  93  78  96   5  18   2  0.481  0.291 
 511 P   7  58  95  94  50  19   0 -0.047  0.005 
 512 V   8  80 107  96  98  16   0 -0.533 -0.504 
 513 W 108 116  54  97   9  16   1 -0.287 -0.246 
 514 V 101  13  63  16  14  14   1  0.018  0.179 
 515 D 111  35  63  14 102  14   1  0.228  0.304 
 516 N 119  14  15  52  83  15   2  0.657  0.495 
 517 D  65   1  16  53 120  17   2  0.703  0.717 
 518 G  38 112  63  66   1  16   2  0.446  0.403 
 519 N  18  67   1   2  39  10   2  0.318  0.426 
 520 C   3  68  39  19  40  14   1  0.044  0.007 
 521 A  23  68  40   3  66  17   1  0.027 -0.047 
 522 A  23  41  38  39  25  16   1 -0.245 -0.125 
 523 L  55   3  23  24  68  15   1 -0.163  0.259 
 524 A  23  41  24  44  25  16   0 -0.330 -0.225 
 525 E  44  28  41  23  52  15   1 -0.132 -0.079 
 526 R  45   1  80  42  44  13   1  0.128  0.158 
 527 K  28  43 120  44  80  14   1  0.174  0.110 
 528 F  43  31  89  88  71  14   2  0.553  0.833 
 529 G  44  43 120  28  30   8   2  0.380  0.309 
 530 Q  70  45  34 119  43   5   2  0.666  0.390 
 531 G  16 112  54  46  88   2   2  0.788  0.808 
 532 K 120  35  49  55  31   5   2  0.497  0.942 
 533 G  45  34  54  32  18   8   2  0.816  0.628 
 534 L  51   3  35  86  33   5   2  0.618  0.835 
 535 E  75  76  90  77  51  13   2  0.801  0.771 
 536 N  48  58  94 107  76  12   1  0.396  0.073 
 537 F  58  97   8  59  94  13   0 -0.279 -0.214 
 538 V  96 107  97  59   8  15   0 -0.409 -0.477 
 539 T  97 107   8  96   9  17   0 -0.552 -0.531 
 540 L  97 117  80  99 108  15   0 -0.451 -0.377 
 541 I  12  14 108 101 109  15   0 -0.360 -0.181 
 542 T  63  14 111  82 101  14   1 -0.014 -0.001 
 543 G  83 102  14 111 118  13   1  0.435  0.444 
 544 T 119  65  15  52 112  11   2  0.795  0.559 
 545 G 102  16 120  85  54  15   2  1.090  0.963 
 546 I   1  51  55 105  15   8   1  0.296  0.999 
 547 G   2   7  48  68  50  12   1  0.359  0.188 
 548 G  33  96  74 105  78  12   1  0.284  0.244 
 549 G  93  20   7  68  54  12   1  0.185  0.278 
 550 I   8  55  16  80  67   9   1 -0.089  0.561 
 551 I  12 117  82  55  63   9   0 -0.242  0.296 
 552 H  14  82  52  63 120  11   1  0.308  0.142 
 553 Q  53  58  15  14  83  11   1  0.608  0.378 
 554 H  53 112  58  75  65  12   1  0.794  0.490 
 555 E 116 120  54  75  53   9   2  0.706  0.528 
 556 L  54 116  50  84  56   5   1  0.441  0.323 
 557 I  35  55  51  12 116   4   1 -0.093  0.735 
 558 H  56  74  31 117  15   7   1  0.489  0.503 
 559 G  48 102  53 119 118   5   2  0.797  0.550 
 560 S  53  58 112  51   5   5   1  0.722  0.612 
 561 S  54  16  93  76 120   4   2  0.821  0.787 
 562 F 107  50  43  45  17   3   1  0.296  0.253 
 563 C  34 117  35  33  79   2   1  0.281  0.245 
 564 A  65  50  35  34   3   8   2  0.526  0.276 
 565 A  75 107  57  56  61   6   1  0.066 -0.069 
 566 E  58  93   5  76  48  11   2  1.007  0.446 
 567 L   3   8  80  99  52   9   1 -0.089 -0.156 
 568 G  52  57  11   8  58  18   1 -0.102 -0.131 
 569 H  58  97  48  98  53  12   1  0.302 -0.039 
 570 L  59  80  56   8  99  15   0 -0.336 -0.359 
 571 V 108  54   8 116  43   7   1 -0.090  0.017 
 572 V  82  35  12  98 117  12   0 -0.217 -0.132 
 573 S  12  57 109  83 118  12   1  0.041  0.068 
 574 L  53  16  98  63  84  11   1  0.466  0.439 
 575 D  82  53  83  12  85   9   1  0.651  0.474 
 576 G  53 112 120   1  85   5   2  1.094  0.852 
 577 P  55  75  87  84 120   8   2  0.940  1.394 
 578 D  85  43  34 116  86   4   2  0.928  0.683 
 579 C  55   3  35  86  34   2   2  0.631  0.928 
 580 S   3  48  71 102   2   5   2  0.790  0.443 
 581 C  48  76  74 103 112   3   2  1.302  0.853 
 582 G  38  93  87  88  50   2   2  0.488  0.881 
 583 S  93  48  53 117  79   5   1  0.554  0.404 
 584 H  76   3   5  40  94   5   1  0.440  0.235 
 585 G   8  80  35  38  56   7   1 -0.057  0.039 
 586 C  97  58 107 120 108   9   0 -0.020 -0.200 
 587 I  14  58  98  65  97   9   1 -0.039 -0.180 
 588 E  75  20  52  14  53  10   2  0.579  0.498 
 589 A  53  16 120  58   1  12   2  0.649  0.610 
 590 Y 117  16  40  71  80  14   1  0.019  0.209 
 591 A  38 120  82  35  55  10   1  0.340  0.702 
 592 S  18   1  64  14  43  12   2  0.321  0.410 
 593 G  65  37  68  48  19  11   2  0.595  0.335 
 594 M  38  20  66  37  23  14   1  0.320  0.269 
 595 A  39  67  21  24  26  13   1 -0.238 -0.218 
 596 L  68  40  23  22  24  15   0 -0.482 -0.292 
 597 Q  23  41  24  26  27  15   0 -0.523 -0.393 
 598 R  23  41  27  25  24  12   0 -0.510 -0.319 
 599 E  24  23  41  26  25  14   0 -0.521 -0.355 
 600 A  23  41  24  25  42  15   0 -0.497 -0.309 
 601 K  41  26  24  44  27  15   0 -0.329 -0.259 
 602 K  24  25  42  23  27  15   0 -0.483 -0.280 
 603 L  42  24  25  23  28  15   0 -0.469 -0.266 
 604 H  28  42  43  29  69  16   1 -0.097 -0.009 
 605 D  44  43  30  42  27  13   1  0.048  0.116 
 606 E   5  45  72  30  25  14   2  0.580  0.393 
 607 D  31   6  46  32  72  10   2  0.607  0.427 
 608 L  32  73  44  42  47  11   2  0.726  0.538 
 609 L  28  47  44  45  33  10   2  0.591  0.453 
 610 L   5  71  42  29   7  10   1  0.294  0.203 
 611 V  69   6  79  45  71  13   1  0.372  0.250 
 612 E 115  70  47  73  45  10   2  0.742  0.503 
 613 G  71  98   6   5  69  13   1  0.318  0.099 
 614 M  79   6  72  60  70   9   1  0.196  0.016 
 615 S  71  70 109  47 120   7   2  0.694  0.434 
 616 V   5  71 117  44  70   8   2  0.550  0.323 
 617 P  71  72  45  55  88   4   2  0.505  0.949 
 618 K  72  47   2  45 117   4   2  0.677  0.498 
 619 D  73  46  89  87  91   8   2  0.784  1.082 
 620 E  70  75  73  47 119  10   2  1.080  0.765 
 621 A  71  16  54   5  86   7   2  0.947  0.941 
 622 V  17  72  87  35  38  16   2  0.557  0.767 
 623 G  64   2  36  73  90  15   2  0.576  0.571 
 624 A  19  65  68  37   3  16   2  0.401  0.255 
 625 L  20  66  68  75  25  13   1  0.342  0.335 
 626 H  21  67  23  25  41  13   0 -0.352 -0.239 
 627 L  68  40  22  26  24  14   0 -0.479 -0.288 
 628 I  41  24  23  25  26  14   0 -0.521 -0.355 
 629 Q  41  23  24  25  42  15   0 -0.497 -0.309 
 630 A  23  42  28  71  45  17   1  0.010  0.074 
 631 A  29  53  88  42  63  14   1  0.197  0.297 
 632 K  88  44  83  89  70  16   2  0.665  0.760 
 633 L  43  31  45  30  71  11   2  0.557  0.519 
 634 G  36  31  73   1  46  14   2  0.549  0.645 
 635 N  32  19  73  86  75  13   2  1.005  0.946 
 636 A  38  19  66  20  49  14   2  0.456  0.479 
 637 K  38  67  39  66  34  14   2  0.385  0.212 
 638 A  39  68  23  41  40  18   0 -0.396 -0.278 
 639 Q  40  68  23  41  25  14   0 -0.494 -0.290 
 640 S  23  24  25  27  41  13   0 -0.510 -0.319 
 641 I  23  25  24  26  27  15   0 -0.507 -0.326 
 642 L  23  41  24  25  68  16   0 -0.482 -0.305 
 643 R  41  23  25  24  27  14   0 -0.510 -0.319 
 644 T  24  25  23  41  26  16   0 -0.521 -0.355 
 645 A  23  24  25  41  26  17   0 -0.521 -0.355 
 646 G  41  25  28  27  26  17   0 -0.491 -0.276 
 647 T  25  24  27  41  26  16   0 -0.507 -0.314 
 648 A  23  24  25  26  27  16   0 -0.507 -0.326 
 649 L  41  23  46  25  26  19   0 -0.303 -0.176 
 650 G  41  26  25  27  23  17   0 -0.519 -0.330 
 651 L  24  25  27  26  41  16   0 -0.507 -0.314 
 652 G  25  26  24  23  27  17   0 -0.507 -0.326 
 653 V  23  25  41  26  24  16   0 -0.521 -0.355 
 654 V  23  41  27  25  68  14   0 -0.480 -0.280 
 655 N  25  23  41  27  24  16   0 -0.510 -0.319 
 656 I  24  23  25  41  42  16   0 -0.497 -0.309 
 657 L  28  23  97  88  41  16   0 -0.237 -0.113 
 658 H  29  44 116  61  69  12   1 -0.033 -0.123 
 659 T  54  16  43  71  30  16   2  0.523  0.669 
 660 M 101  35  46  88 111  13   1  0.371  0.507 
 661 N 112  89 102  32  64  15   2  0.647  0.732 
 662 P  74  33  76  65  15  17   2  0.759  0.677 
 663 S  93  75 104  20  50  17   1  0.642  0.633 
 664 L  94  58 105  78  80  15   1 -0.032 -0.093 
 665 V  59   7 115 116 107  10   0 -0.311 -0.419 
 666 I 107 116  51  81  96  10   0 -0.262 -0.092 
 667 L  82 117  35  14  56  12   1  0.090  0.056 
 668 S  14  15  53  83  64  14   2  0.579  0.424 
 669 G  65 112  16  53 119  13   2  0.787  0.698 
 670 V  54  16  38  20  66  15   2  0.584  0.632 
 671 L   1 120  55  39  82  12   1  0.240  0.637 
 672 A   3  51  68  18  55   8   1  0.252  0.905 
 673 S  44  15  19  37  52  12   2  0.586  0.499 
 674 H  38  45 120  39  66  15   2  0.653  0.465 
 675 Y   1  67  23  53  21  15   1  0.022  0.107 
 676 I  68  41   3  40  22  16   0 -0.223 -0.187 
 677 H  44  25  41  23  24  16   0 -0.330 -0.225 
 678 I  45  24  42  23  27  16   0 -0.195 -0.133 
 679 V  55  88  69  42  43  15   1  0.085  0.639 
 680 K  43  47  44  88  70  14   2  0.751  0.575 
 681 D  71  48  30   5 119  16   2  0.982  0.553 
 682 V  42  72  71  23  46  12   1  0.115  0.129 
 683 I  38  55  28  88 120  14   1  0.342  0.817 
 684 R  47  70   1  44  48  12   2  0.934  0.525 
 685 Q  30  71   5  48   3  14   2  0.992  0.455 
 686 Q  31   5  72  46  16  11   2  0.813  0.630 
 687 A  54  73  46  48 115  12   2  0.677  0.424 
 688 L  47  40  48  68  73  11   1  0.713  0.387 
 689 S  44  35  77  89  47   9   2  0.714  0.797 
 690 S  45  42  94   6  58  13   1  0.148  0.151 
 691 V  46  95  79 105  48  14   1  0.535  0.160 
 692 Q  88  77  70  47  90  11   2  0.915  0.669 
 693 D  48  45   9  78   5  13   2  0.745  0.174 
 694 V  52  59  79   6  10  15   1 -0.007 -0.135 
 695 D  58 115   9  95  57  14   0 -0.200 -0.330 
 696 V  58   8  98 115  97  14   0 -0.401 -0.393 
 697 V  11 108  97   9  60  15   0 -0.608 -0.540 
 698 V  98  28  14 116  58  13   0 -0.168 -0.256 
 699 S  12 111  43  63 117  12   1 -0.080  0.086 
 700 D 111 120 101 118  13  14   1  0.236  0.290 
 701 L  14  46  31 119 118  10   2  0.491  0.440 
 702 V 111  15  88  53 119  13   2  0.738  0.710 
 703 D  76   1   2  48  33  11   2  0.757  0.526 
 704 P   3  38  65 114  18  10   2  0.728  0.475 
 705 A  38  77   1  68  67  13   1  0.150  0.218 
 706 L  39  48  96  55  35  11   1  0.348  0.579 
 707 L  40   3  66  35  22  14   1  0.192  0.180 
 708 G  26  23  24  41  27  16   0 -0.523 -0.393 
 709 A  23  24  41  22  25  18   0 -0.509 -0.287 
 710 A  68  23  41  24  25  16   0 -0.482 -0.305 
 711 S  23  41  26  24  25  16   0 -0.521 -0.355 
 712 M  23  24  25  41  27  16   0 -0.510 -0.319 
 713 V 999 999 999 999 999 999 999 -9.999 -9.999 
 714 L 999 999 999 999 999 999 999 -9.999 -9.999 
 715 D 999 999 999 999 999 999 999 -9.999 -9.999 
 716 Y 999 999 999 999 999 999 999 -9.999 -9.999 
 717 T 999 999 999 999 999 999 999 -9.999 -9.999 
 718 T 999 999 999 999 999 999 999 -9.999 -9.999 
 719 R 999 999 999 999 999 999 999 -9.999 -9.999 
 720 R 999 999 999 999 999 999 999 -9.999 -9.999 
 721 I 999 999 999 999 999 999 999 -9.999 -9.999 
 722 Y 999 999 999 999 999 999 999 -9.999 -9.999 