   1 M 999 999 999 999 999 999 999 -9.999 -9.999 
   2 G 999 999 999 999 999 999 999 -9.999 -9.999 
   3 C 999 999 999 999 999 999 999 -9.999 -9.999 
   4 T 999 999 999 999 999 999 999 -9.999 -9.999 
   5 L 999 999 999 999 999 999 999 -9.999 -9.999 
   6 S 999 999 999 999 999 999 999 -9.999 -9.999 
   7 A 999 999 999 999 999 999 999 -9.999 -9.999 
   8 E 999 999 999 999 999 999 999 -9.999 -9.999 
   9 D 999 999 999 999 999 999 999 -9.999 -9.999 
  10 K 999 999 999 999 999 999 999 -9.999 -9.999 
  11 A  38  36  39  35  23  16   1  0.092  0.233 
  12 A  68  39   1  53  24  14   1  0.006  0.132 
  13 V  41  68  23  40  49  16   1 -0.300 -0.139 
  14 E  24  88  41  27  25  17   0 -0.231 -0.025 
  15 R  24  23  27  26  36  13   0 -0.362 -0.166 
  16 S  25  26  23  24  41  14   0 -0.521 -0.355 
  17 K  25  41  27  26  44  15   0 -0.325 -0.196 
  18 M  24  25  26  23  41  16   0 -0.521 -0.355 
  19 I  23  25  41  24  26  16   0 -0.521 -0.355 
  20 D  41  23  68  25  26  15   0 -0.491 -0.316 
  21 R  41  23  25  24  26  15   0 -0.521 -0.355 
  22 N  23  24  25  42  41  15   0 -0.497 -0.309 
  23 L  23  42  41  24  69  15   0 -0.404 -0.331 
  24 R  44  43  26  23  24  12   1 -0.185 -0.153 
  25 E  45  24  41  25  23  14   0 -0.221 -0.133 
  26 D  28  24  23  72  42  11   0 -0.278 -0.204 
  27 G  73  23  88  28  32  12   1  0.371  0.395 
  28 E  49  44  24  47  48  13   2  0.770  0.410 
  29 K  45  50  48  36  34  13   2  0.763  0.449 
  30 A  23  51   3  31  18  15   1  0.383  0.499 
  31 A  51  48  23   5  74  15   1  0.712  0.654 
  32 R  48  51  78  93   4  13   2  0.794  0.664 
  33 E  93   5   6  95  48  13   2  0.823  0.378 
  34 V 115  59  96  78  97  13   0 -0.203 -0.381 
  35 K  58  96   9  97 115  15   0 -0.355 -0.446 
  36 L  98  58  97  10  80  14   0 -0.447 -0.533 
  37 L  99 108  11  80  97  14   0 -0.554 -0.481 
  38 L  99  14 109  98  11  12   0 -0.451 -0.432 
  39 L  63  14 111 109  12  13   1 -0.160 -0.040 
  40 G  63 112 111  12  16  15   1  0.301  0.412 
  41 A 119 112  14 111  83  15   1  0.630  0.473 
  42 G 119 102 112  75  84   5   2  1.064  0.756 
  43 E 120  51 112 102  85   2   2  1.050  0.978 
  44 S  17  86  35  85  18   4   2  1.180  1.129 
  45 G  51  18   3   2   1   6   2  0.502  0.725 
  46 K  48  68  33  38  51  12   2  0.450  0.506 
  47 S  48  38  50  40  54  11   1  0.426  0.276 
  48 T 107  38  40   8  21  11   1 -0.324 -0.240 
  49 I  38  40  68  97  23  14   1 -0.324 -0.228 
  50 V  56  98  82  80   8  12   0 -0.340 -0.342 
  51 K  52  57 108  15  11  13   1  0.082  0.061 
  52 Q  53  58  23  98  10  13   0 -0.221 -0.302 
  53 M  80  59  23  53  10  12   0 -0.280 -0.325 
  54 K  53  98 116  54  23  16   1 -0.050 -0.035 
  55 I  80  98  56 107  42  16   0 -0.431 -0.410 
  56 I  28  80  12  45  55  11   1 -0.175  0.411 
  57 H  43  82  14 101  29  11   1  0.022  0.038 
  58 E  30 102  48 112  46  10   2  0.877  0.527 
  59 A 119  15  31  83 112  10   2  0.894  0.606 
  60 G  16  54 120  12 112  10   1  0.606  0.602 
  61 Y  17  82  35  38  49  13   2  0.419  0.399 
  62 S  34  18  36   2 120  14   2  0.706  0.619 
  63 E  19   3  37  65  74  16   2  0.618  0.547 
  64 E  20  66  75  38  68  19   2  0.503  0.415 
  65 E  67  21  39  38   3  19   1  0.195  0.030 
  66 C  68  22  40  39   3  17   1 -0.109 -0.108 
  67 K  23  44  41  90  27  14   1 -0.040 -0.061 
  68 Q  24  23  25  42  27  15   0 -0.483 -0.280 
  69 Y  23  41  26  24  93  14   0 -0.328 -0.165 
  70 K  23  73  41  96  24  14   0 -0.158 -0.158 
  71 A  25  96  23  24  27  13   0 -0.444 -0.321 
  72 V  28  26  25 107  12  15   0 -0.536 -0.329 
  73 V  55  72  82  23  25  16   1 -0.152  0.323 
  74 Y  14  26  51  64  23   9   1 -0.133  0.119 
  75 S  14  27  25  26 111  12   0 -0.210 -0.032 
  76 N  25  16  53  83  54  15   2  0.492  0.612 
  77 T  65  16 115  26  25  13   1 -0.010  0.152 
  78 I  26  66  25  23  27  15   0 -0.254 -0.118 
  79 Q  25  27  26  23  24  15   0 -0.507 -0.326 
  80 S  23  24  25  27  26  18   0 -0.507 -0.326 
  81 I  24  23  25  41  68  16   0 -0.482 -0.305 
  82 I  41  24  26  25  27  15   0 -0.507 -0.314 
  83 A  24  25  27  41  23  16   0 -0.510 -0.319 
  84 I  25  24  23  27  41  17   0 -0.510 -0.319 
  85 I  23  41  24  26  25  15   0 -0.521 -0.355 
  86 R  44  26  24  41  27  14   0 -0.329 -0.259 
  87 A  24  23  42  27  25  17   0 -0.483 -0.280 
  88 M  28  69  46  41  83  16   1  0.102  0.056 
  89 G  29  47  70  42  69  15   1  0.389  0.232 
  90 R  30   5  71  74  48  18   2  0.980  0.693 
  91 L  31  72   5  46   6  16   2  0.707  0.399 
  92 K  32  16  96  53  58  11   1  0.513  0.418 
  93 I  56  33  49  96  82  17   1  0.145  0.091 
  94 D  54  34  53  50  36  14   2  0.444  0.474 
  95 F  82  35  16  65  14  13   1  0.401  0.393 
  96 G  20  82 108  55  17  11   1  0.107  0.531 
  97 D 120  16  73  65   1  16   2  0.786  0.764 
  98 S  54  16  65  72  66  16   2  0.655  0.632 
  99 A  38  20  67  82  17  13   1  0.320  0.193 
 100 R  39  68   2  18  73  16   2  0.406  0.450 
 101 A   3  19  68  40  37  16   1  0.173  0.122 
 102 D  66  20  24  90  27  14   1  0.230  0.178 
 103 D  23  24  21  22  76  15   1 -0.142 -0.147 
 104 A  68  41  23  24  22  14   0 -0.482 -0.312 
 105 R  25  24  23  41  27  15   0 -0.510 -0.319 
 106 Q  24  23  42  41  25  16   0 -0.497 -0.309 
 107 L  42  23  28  98  24  15   0 -0.512 -0.381 
 108 F  42  69  44  11  99  14   1 -0.248 -0.272 
 109 V  98  44  42  45  70  10   1  0.176  0.058 
 110 L  72  13  69  45  28   8   1  0.129  0.062 
 111 A  83  43  88 102  70  13   2  0.606  0.534 
 112 G  73  47  71 119  84  11   2  1.115  0.835 
 113 A  72 120  85  48   5   7   2  1.451  0.745 
 114 A  86  72  17  46   2   5   2  0.754  0.734 
 115 E  72  33  18  17  76   6   2  0.707  0.594 
 116 E   5  36   1   4  73   5   2  0.827  0.708 
 117 G  79   3 115  19   5   3   1  0.412  0.166 
 118 F  38  81  54 116  49   6   1  0.145  0.190 
 119 M 117  35  82  63  56  12   1  0.037  0.003 
 120 T  68  73  64  22  40  13   1 -0.031  0.064 
 121 A  65  19  20  37  44  13   2  0.470  0.370 
 122 E  20  66  53  38  21  17   2  0.381  0.334 
 123 L  67  21   1  40  39  19   1 -0.097  0.005 
 124 A  68  22  40  26  27  17   0 -0.477 -0.263 
 125 G  25  27  41  24  44  15   0 -0.316 -0.185 
 126 V  24 120  58  23  26  18   0 -0.016 -0.159 
 127 I  24  23  41  28  25  16   0 -0.496 -0.306 
 128 K  70  41  69  27  44  18   1 -0.005 -0.076 
 129 R  44  42  70   5  71  16   2  0.501  0.289 
 130 L  45  71  28  80  72  17   1  0.190  0.163 
 131 W  43  46  88  82  89  15   1  0.455  0.649 
 132 K  47  43   1  48  36  13   2  0.829  0.641 
 133 D  48   5  31  30  37   8   2  0.999  0.536 
 134 S  31  20  38  37  94  11   1  0.302  0.401 
 135 G  38   1  58 120  39  14   1  0.415  0.283 
 136 V  39  40  68 107  33  16   1 -0.232 -0.144 
 137 Q  40  68  41  23  25  18   0 -0.494 -0.290 
 138 A  23  70  44  42  41  17   1 -0.101 -0.122 
 139 C  54  23  80  71  28  18   1 -0.105  0.013 
 140 F  88  35  82  69 116  15   1  0.221  0.144 
 141 N  30 102  70  83  44  16   2  0.570  0.414 
 142 R  45  48  31  15   5  13   2  1.188  0.607 
 143 S  46  31 112  28 102  13   1  0.472  0.386 
 144 R 105  76  33  75  47  11   2  0.912  0.609 
 145 E  97  48  76  50   7  11   1  0.436  0.103 
 146 Y 107   3  12   8  38   8   1 -0.142 -0.156 
 147 Q 116 108  54  34  43   6   1  0.183  0.091 
 148 L  56  82  48 102  35   7   1  0.554  0.246 
 149 N  57 102 118  89  14  10   1  0.304  0.552 
 150 D 119 112  16  14  15  15   2  0.787  0.670 
 151 S  53 120  48 119 104   8   2  1.047  0.629 
 152 A  58  59  52  75 105  12   1  0.444  0.162 
 153 A  38  54   7  51 106  12   1  0.123  0.383 
 154 Y 107  38  44 117  56  11   1  0.016 -0.047 
 155 Y   3  55  40  34   1  14   1  0.205  0.548 
 156 L  35  65  22   3  82  11   1  0.269  0.112 
 157 N  44  20  63  83  15  15   2  0.528  0.325 
 158 D  58  53 120 119   1  13   2  0.618  0.465 
 159 L   1  14   3  75  38  13   2  0.563  0.423 
 160 D  75  90 116  52  88  13   2  0.692  0.558 
 161 R  48  71  44 120  70  14   2  0.885  0.445 
 162 I  35  72  71  80  45  15   2  0.354  0.319 
 163 A  55  88 120  46 111  14   1  0.548  0.998 
 164 Q  48  51  14 112  30  12   1  0.714  0.616 
 165 S  52  48  31  75  57  10   2  0.843  0.472 
 166 N  53  75  31  16 120   7   2  0.940  0.832 
 167 Y 115  16  76  17  39   2   1  0.447  0.422 
 168 I  35  54  44 116  49   5   2  0.339  0.350 
 169 P  35  82 117  34  51   7   1  0.236  0.335 
 170 T  82  74  35  55  18  11   1  0.361  0.953 
 171 Q  65  15 119  14  53   8   2  0.635  0.489 
 172 Q  53  75  66  20 114  13   2  0.836  0.640 
 173 D  21  67  58  78  53  11   1  0.226  0.015 
 174 V 107  78   3  50  97  15   1  0.019 -0.207 
 175 L  97 115   7  59  56  14   0 -0.237 -0.304 
 176 R  97  96  98  70 107  15   0 -0.288 -0.405 
 177 T 108  97  98  70  12  15   0 -0.343 -0.268 
 178 R  98 111  10  53   9  10   1 -0.269 -0.213 
 179 V  98 112 102  99  28  11   1 -0.022 -0.065 
 180 K 101  98  52  11 119  13   1 -0.107 -0.050 
 181 T  98  56 112  10  48  12   1  0.292 -0.081 
 182 T  57 119  31  52  86   9   2  0.645  0.607 
 183 G  58  96  98 116  54  13   1 -0.043 -0.193 
 184 I  51   8  55  98  96  14   0 -0.315  0.464 
 185 V  97   7   9  11  56  15   0 -0.409 -0.396 
 186 E  97  14   8  58  98  16   0 -0.275 -0.301 
 187 T  12 119  58  98  97  16   0 -0.155 -0.192 
 188 H  53  98  16 120  12  15   1  0.273  0.358 
 189 F  12  35  63  55 101  12   1 -0.198  0.473 
 190 T 101 102 118  54  13  12   1  0.128  0.271 
 191 F 102  51  35 119 112  13   2  0.570  0.730 
 192 K 119  75  31  52  88  17   2  0.807  0.715 
 193 D  53  48  76 112 104  12   2  1.078  0.589 
 194 L  33  79  59  80 105  16   1 -0.013 -0.077 
 195 H  97   7 106  58  96  15   0 -0.163 -0.304 
 196 F   8  97 107  56  51  15   0 -0.289 -0.021 
 197 K 108  97  58   9  52  15   0 -0.209 -0.246 
 198 M  98  99 108  12  10  13   0 -0.631 -0.516 
 199 F  82  12  99  57  13  13   0 -0.311 -0.299 
 200 D  14  53  16  13 120  15   1  0.481  0.501 
 201 V  16  63 102 119  82  13   1  0.391  0.369 
 202 G 112 102  20 118 120  13   1  0.696  0.520 
 203 G 120   1 119 112  55  10   2  0.598  0.947 
 204 Q  48  75 119   1  16  12   2  1.003  0.796 
 205 R 120  51   7   3  66   5   1  0.554  0.525 
 206 S   3  55  51  34  38   6   1  0.368  0.832 
 207 E   3  39  48  36  76  11   1  0.771  0.347 
 208 R  68  57   3  48 115  12   1  0.339 -0.025 
 209 K  44  52  23  41  94  13   1 -0.151  0.031 
 210 K  45  23  97  34  56  15   1  0.158 -0.037 
 211 W  97  96  23  14  76  15   1 -0.038 -0.170 
 212 I  97  69  44  14  98  14   1 -0.140 -0.208 
 213 H  43  70 108  44  12  16   1  0.028  0.067 
 214 C  45 101  16  55 117  14   1  0.223  0.817 
 215 F  12 102  88  89  46  12   1  0.368  0.714 
 216 E  89 119  83  47  88  12   2  0.943  0.993 
 217 G  48 120 119 102  45  13   2  1.025  0.583 
 218 V  76   3  86 119  75  14   2  1.065  0.747 
 219 T  90  77  76  38 114  16   2  0.772  0.479 
 220 A 107  78  56  51  96  14   1 -0.040  0.019 
 221 I  97   8  59   9  33  13   0 -0.341 -0.290 
 222 I  98   8  97 107 108  14   0 -0.575 -0.480 
 223 F  97 108   8  99  98  13   0 -0.561 -0.454 
 224 C  98  12  99 108  63  14   0 -0.505 -0.380 
 225 V  63  12  99  82  13  14   0 -0.347 -0.311 
 226 A  83  16 109  13 118  13   1  0.274  0.350 
 227 L  65  16  14 111  84   7   2  0.722  0.667 
 228 S 111 112  83  85 120  13   2  1.173  0.821 
 229 D 120   2 112  85  18   7   2  1.190  0.915 
 230 Y  86   1  33  68  66  11   2  0.476  0.639 
 231 D  75  67   7  50   2  11   1  0.351  0.329 
 232 L  39  68  55  17  86  14   1  0.337  0.882 
 233 V   3  48  40  68  44  12   1  0.420  0.053 
 234 L  54  23  88  55  72  14   1  0.214  0.732 
 235 A  35  82  88  72  87  15   1  0.494  0.683 
 236 E  53  73  36  47  72   9   2  0.808  0.715 
 237 D  53  72  37  44  19   9   2  0.494  0.427 
 238 E  20  38  66  17  76  11   2  0.669  0.489 
 239 E   1   2  36  73  47   8   2  0.723  0.770 
 240 M   3  68  19  40  38  13   1  0.107  0.075 
 241 N  27  20   6  25  44  13   1  0.045  0.054 
 242 R  27  24  41  21  53  14   1 -0.223 -0.127 
 243 M  68  41  22  27  24  14   0 -0.468 -0.271 
 244 H  27  24  88  25  20  14   0 -0.043  0.109 
 245 E  24  26  41  25  23  13   0 -0.521 -0.355 
 246 S  24  23  27  41  26  17   0 -0.523 -0.393 
 247 M  41  27  23  25  24  18   0 -0.510 -0.319 
 248 K  27  44  24  41  26  18   0 -0.329 -0.259 
 249 L  24  27  45  25  26  18   0 -0.203 -0.100 
 250 F  24  41  23  42  27  16   0 -0.499 -0.348 
 251 D  41  69  44  23  96  16   1 -0.184 -0.254 
 252 S  42  70  44  27  53  17   1  0.147  0.131 
 253 I  69  72  28  71  54  15   1  0.210  0.211 
 254 C  43  55  82  88  72  12   1  0.269  0.696 
 255 N  43  14  70  64  30  13   2  0.317  0.250 
 256 N   5  71  19  31  37   8   2  0.699  0.543 
 257 K  46  88  32 119  38  10   2  0.694  0.632 
 258 W  38  76  54  86  51  12   2  0.685  0.877 
 259 F  86  39  51  89  46  16   2  0.550  1.047 
 260 T  90  77  93  47  35  15   2  0.806  0.706 
 261 D  48  76   5  94  53  15   2  0.867  0.508 
 262 T  93  94   6  33  68  13   1  0.069  0.342 
 263 S 107   7 115  94  93  12   0 -0.262 -0.011 
 264 I   8 107 115  96  98  15   0 -0.531 -0.485 
 265 I 108  97  98   9  99  13   0 -0.608 -0.552 
 266 L  99 109  98  10 108  16   0 -0.586 -0.562 
 267 F  13  14 109  12  99  14   0 -0.381 -0.274 
 268 L  63 111  14  28  99  13   1 -0.138 -0.073 
 269 N  14 112  83 111  63  14   1  0.445  0.322 
 270 K  65  53 112  37  14  11   2  0.607  0.453 
 271 K  75  66  51  31 119   9   2  0.736  0.826 
 272 D 116  54  16  51  50   8   1  0.296  0.643 
 273 L  51  55  35  49 120  12   2  0.401  1.117 
 274 F  46  34  36  18   2   9   2  0.590  0.583 
 275 E  74  51  14  15  65  10   1  0.541  0.773 
 276 E  75  48  70 119  53  13   2  1.020  0.601 
 277 K  16  53  54 120   5  11   2  0.933  0.772 
 278 I  55  35  51  69  87  12   1  0.209  1.193 
 279 K  43  56  70  47  82  12   1  0.524  0.264 
 280 K  71  19  74  14  97  12   1  0.215  0.380 
 281 S  57  75  46   6  31  12   2  0.596  0.410 
 282 P  58  21  53 120  98  16   1  0.245  0.056 
 283 L  82  56  87  98 107  13   0 -0.091  0.043 
 284 T  57  52  75  60  69  14   1  0.251  0.114 
 285 I  58  44  70  45  98  11   1  0.323  0.062 
 286 C  80  97  45  82 117   9   0 -0.052 -0.140 
 287 Y  63  46  98 115   6  13   1 -0.086 -0.111 
 288 P  47  69  70  12  44  10   1  0.404  0.231 
 289 E  53  75  48 109  45  12   2  0.859  0.479 
 290 Y  16  54  71  72  12  10   2  0.346  0.506 
 291 T  17  82  88  55  72   9   1  0.390  0.781 
 292 G  73  18   1  36 120   9   2  0.711  0.781 
 293 S   3  37  19   5  71   5   2  0.732  0.460 
 294 N  20  38  88  66  35   8   2  0.549  0.566 
 295 T  73   1  36  21  39  11   1  0.264  0.396 
 296 Y   3  68  18  35  73  12   2  0.554  0.472 
 297 E  38  66  20  90   3  12   2  0.652  0.390 
 298 E  39  38  67  21  76  16   1  0.236  0.104 
 299 A  40  22  68   3  23  18   0 -0.223 -0.199 
 300 A  23  68  41  40  38  15   1 -0.332 -0.210 
 301 A  23  41  25  24  27  14   0 -0.510 -0.319 
 302 Y  23  25  41  24  27  17   0 -0.510 -0.319 
 303 I  23  24  25  41  27  13   0 -0.510 -0.319 
 304 Q  23  41  24  25  26  12   0 -0.521 -0.355 
 305 C  25  23  44  41  26  15   0 -0.339 -0.236 
 306 Q  25  23  41  24  42  14   0 -0.497 -0.309 
 307 F  28  41  42  23  24  15   0 -0.485 -0.334 
 308 E  69  42  29  28  26  13   0 -0.252 -0.163 
 309 D  70  44  71  42  48  16   2  0.567  0.265 
 310 L  72  45  31  71  28  15   2  0.427  0.358 
 311 N  46  43  70  88  83  13   2  0.633  0.534 
 312 K  70  43  44  82  88  10   1  0.422  0.292 
 313 R  45 102  71  83  30   7   2  0.652  0.567 
 314 K  46  31 112  89  72   8   2  0.674  0.723 
 315 D  86  76  47 112  48  11   2  1.381  0.844 
 316 T  76  48   4  75 115  10   2  0.957  0.460 
 317 K  93  96 105  51  94  13   1  0.024  0.434 
 318 E  97  96  79 107 106  15   0 -0.310 -0.368 
 319 I 107   8  97 115  56  12   0 -0.428 -0.372 
 320 Y  97   9  11  96  57  16   0 -0.448 -0.470 
 321 T  98  97  99  10   9  17   0 -0.675 -0.672 
 322 H  11  53  57  10   9  17   1 -0.338 -0.329 
 323 F  58  97  14  98  63  15   0 -0.193 -0.286 
 324 T 108  14  63  12  11  15   0 -0.378 -0.227 
 325 C  16  12  98 119  58  14   1  0.129  0.168 
 326 A  12  16  54 118 120  14   1  0.468  0.587 
 327 T  35  63 102  43  54  12   2  0.292  0.370 
 328 D 102  51  18   2   3  13   2  0.549  0.706 
 329 T   3  37  51  19  14  11   1  0.400  0.515 
 330 K  38  20  66  75  52  14   2  0.659  0.548 
 331 N  39  67  21 120   2  13   1  0.293  0.198 
 332 V   3  68  22  40  76  11   1  0.089 -0.015 
 333 Q  23  48  41 115  97  14   0 -0.077 -0.254 
 334 F  41  35  24  23  27  15   0 -0.334 -0.189 
 335 V 108  23  40  80  54  13   0 -0.320 -0.179 
 336 F  23  24  41  26  42  13   0 -0.510 -0.383 
 337 D  44  41  26  83  25  15   1 -0.052 -0.031 
 338 A  45 120  25  27  26  14   1  0.130  0.115 
 339 V  46 112  24  26  25  15   1  0.034  0.044 
 340 T  23  41  27  47  73  12   1  0.220  0.163 
 341 D  23  41  25  44  24  15   0 -0.330 -0.225 
 342 V  23  25  24  27  42  12   0 -0.483 -0.280 
 343 I  28  55  23  81  42  14   0 -0.417  0.208 
 344 I  14  82  55  88  43  13   1  0.191  0.665 
 345 K 999 999 999 999 999 999 999 -9.999 -9.999 
 346 N 999 999 999 999 999 999 999 -9.999 -9.999 
 347 N 999 999 999 999 999 999 999 -9.999 -9.999 
 348 L 999 999 999 999 999 999 999 -9.999 -9.999 
 349 K 999 999 999 999 999 999 999 -9.999 -9.999 
 350 D 999 999 999 999 999 999 999 -9.999 -9.999 
 351 C 999 999 999 999 999 999 999 -9.999 -9.999 
 352 G 999 999 999 999 999 999 999 -9.999 -9.999 
 353 L 999 999 999 999 999 999 999 -9.999 -9.999 
 354 F 999 999 999 999 999 999 999 -9.999 -9.999 