   1 M 999 999 999 999 999 999 999 -9.999 -9.999 
   2 T 999 999 999 999 999 999 999 -9.999 -9.999 
   3 E 999 999 999 999 999 999 999 -9.999 -9.999 
   4 L 999 999 999 999 999 999 999 -9.999 -9.999 
   5 K 999 999 999 999 999 999 999 -9.999 -9.999 
   6 A 999 999 999 999 999 999 999 -9.999 -9.999 
   7 K 999 999 999 999 999 999 999 -9.999 -9.999 
   8 G 999 999 999 999 999 999 999 -9.999 -9.999 
   9 P 999 999 999 999 999 999 999 -9.999 -9.999 
  10 R 999 999 999 999 999 999 999 -9.999 -9.999 
  11 A 117  97  58  56  80   6   0 -0.160 -0.239 
  12 P  58  57  56 115 117   9   0 -0.055 -0.144 
  13 H  57  58 117  82  53  10   1  0.157 -0.010 
  14 V  58 117 118  53  99   4   1  0.121  0.070 
  15 A  58  57 117  15  53   6   1  0.379  0.216 
  16 G  58  75 117  12  53   5   1  0.297  0.247 
  17 G 117 120  58  57  53   5   1  0.390  0.197 
  18 P  58  56   1 118 115   4   1  0.101  0.116 
  19 P 117  58  56  57  15   7   1  0.278  0.087 
  20 S  58  97  75   1  57   5   1  0.281  0.163 
  21 P  58 117  75 120  15   2   1  0.763  0.451 
  22 E 117  58  53  57 120   2   1  0.390  0.197 
  23 V 117  15  58  56   1   6   1  0.323  0.232 
  24 G  57  58  75 117 104   7   1  0.488  0.283 
  25 S  58  53 117 107  57   4   1  0.032 -0.087 
  26 P  58  56  80 117  57   4   0 -0.057 -0.163 
  27 L  58 117  98  57  80   7   0 -0.217 -0.293 
  28 L  58  57  97 117  82   6   0 -0.069 -0.241 
  29 C  58  53  52  56  75   7   1  0.571  0.393 
  30 R  58 117  53  75  57   4   1  0.427  0.264 
  31 P 117  58  53  57  52   2   1  0.242  0.154 
  32 A  58  56  53 115 118   2   1  0.179  0.126 
  33 A  58 117  57  15  74   9   1  0.404  0.340 
  34 G  58  75 115  57 120   7   1  0.465  0.205 
  35 P  58 117  56   3  61   3   0  0.106 -0.133 
  36 F  56 117  97  58  57   4   0 -0.049 -0.169 
  37 P  57 117  58  97  52   6   1  0.016 -0.077 
  38 G  58  57  99  56 117   8   0 -0.055 -0.190 
  39 S  58  53 117  75  57   7   1  0.427  0.264 
  40 Q  58 117  60 120 115   5   0  0.048 -0.109 
  41 T  57  58  82  99  56   4   0 -0.018 -0.251 
  42 S  58 117  56  52  57   5   1  0.141  0.025 
  43 D  58  57 117  98  15   5   1  0.118 -0.043 
  44 T  58  75  57 115  80   7   1  0.120 -0.027 
  45 L  58  57 115  15  60   7   1  0.073 -0.105 
  46 P  58 117  97  98 120   7   0  0.025 -0.138 
  47 E  58 117  97 115  57   6   0 -0.180 -0.246 
  48 V  58  57 117 115  99  11   0 -0.186 -0.267 
  49 S  58  97 117  98  57  11   0 -0.209 -0.299 
  50 A  58  57 117  98  11  12   0 -0.244 -0.312 
  51 I  58  57  97 117  98   9   0 -0.209 -0.299 
  52 P  58  57  56  98  60   9   0 -0.158 -0.313 
  53 I 117  58  57  97  99   9   0 -0.180 -0.292 
  54 S  58 117 118  57  97   5   0  0.005 -0.064 
  55 L 117  58  57  98  15   7   1  0.118 -0.043 
  56 D  58  97 117 118  75   6   1  0.277  0.165 
  57 G 117  58  57  53  52   5   1  0.242  0.154 
  58 L  58  57   1  75  56   2   1  0.406  0.265 
  59 L  58 115  56  53  79   5   1  0.115  0.029 
  60 F 117  58  97  56  57   6   0 -0.049 -0.169 
  61 P  58 117  57  56  87   3   1  0.198  0.318 
  62 R  58  56 117  53  99   3   0  0.067 -0.036 
  63 P  58 117  57  99  53   5   1  0.046 -0.061 
  64 C  58 117  57  53  75   6   1  0.427  0.264 
  65 Q  58 117   1   6  82   5   1  0.153  0.032 
  66 G  58   1  53 117  15   2   1  0.424  0.360 
  67 Q  57 117  53   1  52   2   1  0.223  0.312 
  68 D  58  57 120 117 115   4   1  0.158 -0.009 
  69 P 117  80   1  57  55   2   1 -0.145  0.445 
  70 S  58  57 117  60  82   4   0 -0.075 -0.265 
  71 D 117  58  20  57  61   2   0  0.001 -0.123 
  72 E  58  20 117  53  75   2   1  0.503  0.340 
  73 K  58 117 115  53  55   4   1 -0.001  0.460 
  74 T 117  73  82   1  56   4   1  0.242  0.221 
  75 Q 117  53   3  75  58   4   1  0.587  0.304 
  76 D  75  58 117   1  56   2   1  0.371  0.280 
  77 Q  58  57  79   3   6   4   1  0.314 -0.007 
  78 Q  58  57 115   6  60   5   0 -0.076 -0.233 
  79 S  58 117  56 115  79   5   0 -0.043 -0.110 
  80 L  58 117  97  99  57   3   0 -0.180 -0.292 
  81 S 117  58  82  61 107   2   0 -0.198 -0.367 
  82 D  56  58 117  57 118   3   0  0.130  0.038 
  83 V  57  58 117  75  52   8   1  0.391  0.228 
  84 E  58  57  53 117  20   7   1  0.232  0.112 
  85 G  58  53 117  56  99   4   0  0.067 -0.036 
  86 A  58 117  57  97  80   5   0 -0.182 -0.265 
  87 Y  58 117 105  97  60   6   0 -0.140 -0.276 
  88 S  58  57 117  56  97   5   0 -0.049 -0.169 
  89 R  58  57 117  53 107   6   1  0.032 -0.087 
  90 A  58 117  56 115  99   3   0 -0.165 -0.241 
  91 E  57  58 117  75  20   5   1  0.381  0.186 
  92 A  58   1 117  57  53   3   1  0.200  0.180 
  93 T  58  97  52   3 117   4   1  0.176 -0.036 
  94 R  58 120  57  53 115   3   1  0.316  0.131 
  95 G  58 117 107   1  61   2   0 -0.155 -0.178 
  96 A  56  57 117 115  79   3   0 -0.106 -0.097 
  97 G  58  57   3  89  61   3   1  0.235  0.202 
  98 G  58  57  53  56 117   5   1  0.177  0.061 
  99 S  58  57 117  53 120   8   1  0.390  0.197 
 100 S  58  53  98  15 117   7   1  0.241  0.112 
 101 S  57  75  58 117  53  10   1  0.427  0.264 
 102 S  58 117 115  97 107   2   0 -0.303 -0.369 
 103 P 117  58 115  57 108   4   0 -0.172 -0.199 
 104 P  58 117  82 107  98   8   0 -0.228 -0.391 
 105 E  58 117  57  97  99   6   0 -0.180 -0.292 
 106 K  58 117  57 119  97   3   1  0.079 -0.056 
 107 D  58   1  75  53 117   5   1  0.472  0.408 
 108 S  57  58  75 117  53   7   1  0.427  0.264 
 109 G  58 117  57 120  75   8   1  0.539  0.271 
 110 L  58 117  56 115  87   2   0  0.089  0.266 
 111 L 117  58   6  57  79   6   1  0.119 -0.032 
 112 D  58 117  57  98  60   5   0 -0.215 -0.324 
 113 S  58 117 115   1  79   4   1 -0.020  0.008 
 114 V  58 117  80   1  57   4   1 -0.034 -0.045 
 115 L  58 117  98  99  60   6   0 -0.325 -0.421 
 116 D  75  58  57 117  56   8   1  0.326  0.135 
 117 T  58  57  53   6  79  10   1  0.277  0.107 
 118 L  58   6  99  11  60   6   0 -0.215 -0.368 
 119 L  58  56  99 115  57   9   0 -0.129 -0.256 
 120 A 117  57  58  11 107   9   0 -0.229 -0.330 
 121 P  58 117  99  98  60   7   0 -0.325 -0.421 
 122 S  58  57 117  53  56   3   1  0.177  0.061 
 123 G 117  57  58  53 115   3   1  0.046 -0.016 
 124 P  58 117  57  15  17   2   1  0.424  0.236 
 125 G  58  57  56  85 117   4   1  0.530  0.273 
 126 Q  58 117  57   1  53   3   1  0.200  0.180 
 127 S  58   3   1  57  79   3   1  0.284  0.085 
 128 Q  58   6 115  75 105   2   1  0.346  0.116 
 129 P  58 117 115  97   6   4   0 -0.105 -0.194 
 130 S  58 117  56  60 115   6   0 -0.164 -0.245 
 131 P  58  57 115  98  61   4   0 -0.288 -0.370 
 132 P  58 117  57  98  56   4   0 -0.084 -0.197 
 133 A  57  58 117   1  99   7   1 -0.033 -0.072 
 134 C  58  57 117  60  99   7   0 -0.187 -0.316 
 135 E  58 117  57 118  99   6   0 -0.002 -0.085 
 136 V  58  57  79  56 117   4   0  0.066 -0.059 
 137 T  58 117  57  82  53   5   1  0.157 -0.010 
 138 S  58 117  56  61 118   4   0  0.022 -0.042 
 139 S  58  57  56 115 117   3   0 -0.055 -0.144 
 140 W  58 117  57  75  53   5   1  0.427  0.264 
 141 C  99  58  20 117  79   4   0  0.011 -0.106 
 142 L  56  58  57 115  98   3   0 -0.157 -0.264 
 143 F 117  57  58  60  56   7   0 -0.055 -0.193 
 144 G  57  58  97  99   1   7   1 -0.101 -0.163 
 145 P  58   6  75  53 115   5   1  0.428  0.250 
 146 E 117  58  57   8 120   4   1  0.148  0.015 
 147 L  58  97  99 117  80   9   0 -0.292 -0.362 
 148 P  58  57  60  56  75   8   1  0.252  0.020 
 149 E  58 117  97  57  56   8   0 -0.049 -0.169 
 150 D  57  58 117  98   1   8   1 -0.061 -0.079 
 151 P  58  57 117  98 118   5   0 -0.030 -0.092 
 152 P  57 117  58  56  82   8   0  0.056 -0.139 
 153 A 117  58   1  57  75   3   1  0.349  0.254 
 154 A  58 117  80  15  61   3   0  0.037 -0.089 
 155 P  57 117  82 104   3   3   1  0.313  0.063 
 156 A 117  58   1  56 105   6   1  0.139  0.071 
 157 T  58 117  57  75 104   6   1  0.488  0.283 
 158 Q  58  53   6   3  79   4   1  0.437  0.147 
 159 R 117  58 115  97  57   2   0 -0.180 -0.246 
 160 V 117  56  58  60 115   3   0 -0.164 -0.245 
 161 L  58  57  60 117  56   9   0 -0.055 -0.193 
 162 S  58  57  97  99  11   8   0 -0.283 -0.396 
 163 P  58 117  98   6  53   8   1  0.091 -0.016 
 164 L  58 117  57  60   6   5   0 -0.003 -0.167 
 165 M 117  58  99  57 115   3   0 -0.186 -0.267 
 166 S 117  58  56  57  82   4   0  0.056 -0.139 
 167 R  58 117  57  82   1   5   1  0.079 -0.020 
 168 S  58  57  75   1  73   4   1  0.590  0.440 
 169 G  58  53  75  57 104   5   1  0.646  0.422 
 170 C  58  75 117  97  79   4   1  0.213  0.067 
 171 K  58 117  60  56 105   3   0 -0.015 -0.174 
 172 V 117  56  58  60  57   5   0 -0.055 -0.193 
 173 G  58  56  57 117  97   6   0 -0.049 -0.169 
 174 D  58 117  52  57  53   7   1  0.242  0.154 
 175 S  58  53  57  75   6   5   1  0.537  0.302 
 176 S  58  56 117 115  53   5   0  0.068  0.010 
 177 G 117  58  57  60  56   6   0 -0.055 -0.193 
 178 T  58 117  56 118  52   6   1  0.217  0.157 
 179 A  58  56 117  75  57   6   1  0.326  0.135 
 180 A  58 117  57  53   6   5   1  0.230  0.088 
 181 A  58 117   1  75   6   4   1  0.423  0.306 
 182 H 115  57  58  56   3   4   0  0.140 -0.119 
 183 K  58  57 117  15  97   8   1  0.153 -0.015 
 184 V  58  57 117  56  75   5   1  0.326  0.135 
 185 L  58 115 117  57  60   7   0 -0.186 -0.270 
 186 P  58 117  98  57  56   7   0 -0.084 -0.197 
 187 R  58  57 117  52  99   9   1  0.010 -0.097 
 188 G  58  97  20  99  15   5   1  0.155 -0.051 
 189 L  57  99 117  80 115   8   0 -0.361 -0.323 
 190 S  58 117  11  57  56   6   0 -0.084 -0.182 
 191 P  57 117  58  99  15   6   1  0.147 -0.035 
 192 A  58  57  75  53  11  11   1  0.325  0.160 
 193 R  58  75  53 117  57   5   1  0.427  0.264 
 194 Q  58  57  56 115  60   4   0 -0.129 -0.260 
 195 L  58  97 117  57  71   3   1  0.021 -0.055 
 196 L  58 117 115  56  57   6   0 -0.055 -0.144 
 197 L 117  58  57  99  61   6   0 -0.185 -0.296 
 198 P  58 117  53  61  65   3   1  0.165  0.049 
 199 A  58 117  57  75  15   4   1  0.529  0.290 
 200 S  58 117  57  75   1   4   1  0.349  0.254 
 201 E  58 117   1  75  79   3   1  0.361  0.288 
 202 S  58   1  57   6  65   2   1  0.305  0.157 
 203 P  58  57 117 115  75   2   1  0.196  0.058 
 204 H  58 117   1 115  55   2   1 -0.079  0.450 
 205 W 117  56  58   6  79   2   0  0.141 -0.007 
 206 S  57  58  56  11  60   9   0 -0.158 -0.297 
 207 G  58  57  53  75  61   7   1  0.355  0.169 
 208 A  58 117  79   6  99   8   0  0.009 -0.129 
 209 P  58 117  60  53 106   5   0 -0.008 -0.088 
 210 V 117  57  58 107  98   8   0 -0.229 -0.346 
 211 K  58 117  57  97  99   4   0 -0.180 -0.292 
 212 P  58 117  98  61  57   4   0 -0.214 -0.303 
 213 S  57 117  99  58  53   6   1  0.046 -0.061 
 214 P  57  58 117  75  56   8   1  0.326  0.135 
 215 Q  57  58 117  52  75   8   1  0.391  0.228 
 216 A  58  53 115  98  56   8   0 -0.035 -0.109 
 217 A  58  57 115 117  59   9   0 -0.099 -0.241 
 218 A 117  60  58  97  99   6   0 -0.290 -0.392 
 219 V 117  58  98  61  97   7   0 -0.317 -0.380 
 220 E  58 117  97  61  57   8   0 -0.179 -0.275 
 221 V 117  58  98  99  57   8   0 -0.216 -0.320 
 222 E  57  58  75  98  53   8   1  0.324  0.145 
 223 E  58   1  53  75 118   5   1  0.583  0.524 
 224 E  58 117  75  57  87   4   1  0.448  0.520 
 225 D  58 117   1  53  56   4   1  0.221  0.205 
 226 G  58   1 117  97  61   3   0 -0.135 -0.131 
 227 S  58 117  79  60 115   4   0 -0.174 -0.236 
 228 E 117  58  82  57  61   3   0 -0.074 -0.245 
 229 S  58 117  99  97   1   4   0 -0.136 -0.148 
 230 E  58 117  57  53   6   7   1  0.230  0.088 
 231 E  58  57  56  53  98   5   1  0.074 -0.058 
 232 S  57  58  56 117 115   5   0 -0.055 -0.144 
 233 A  58 117  60  57   3   5   0  0.083 -0.179 
 234 G  58  57 117  99 115   4   0 -0.186 -0.267 
 235 P  58 117  60  98   1   3   0 -0.171 -0.179 
 236 L  58 117  57  61  53   4   1  0.047 -0.045 
 237 L  57  58 117 115   6   5   0 -0.002 -0.118 
 238 K  58 117  57  56 115   4   0 -0.055 -0.144 
 239 G 117  57  58  53   1   6   1  0.200  0.180 
 240 K  58   6   1 105  57   2   1  0.227  0.083 
 241 P  58 117  57   6 115   2   0 -0.002 -0.118 
 242 R  58 117 107  57  56   6   0 -0.069 -0.216 
 243 A  58  56  61 117  79   6   0 -0.042 -0.139 
 244 L  57  58  60 117   6   9   0 -0.003 -0.167 
 245 G  58  60  57  97 115   6   0 -0.254 -0.362 
 246 G  58  57 117  80  99   8   0 -0.188 -0.286 
 247 A  58 117   6  60  11   6   0 -0.141 -0.256 
 248 A 117  58 115 107  56   4   0 -0.178 -0.267 
 249 A  58 117  57  97  52   7   1  0.016 -0.077 
 250 G  58  57  56 118  53   4   1  0.288  0.178 
 251 G  57  58 117  53  15   3   1  0.379  0.216 
 252 G  58 117 115  57  99   2   0 -0.186 -0.267 
 253 A 117  58  56 105  60   5   0 -0.015 -0.174 
 254 A  58  57 117  56  60   5   0 -0.055 -0.193 
 255 A  58 117  57  97  56   5   0 -0.049 -0.169 
 256 V  58 117  57 115   1   6   1 -0.032 -0.026 
 257 P  58  56  60 117  53   3   0  0.067 -0.039 
 258 P  57  58 117  15  61   8   1  0.148 -0.019 
 259 G  58 117   1  97  16   2   1  0.153  0.233 
 260 A 117  58  57  82  99   2   0 -0.075 -0.261 
 261 A  58 117 118  57   3   2   1  0.268  0.053 
 262 A 117  15  58   3  56   3   1  0.438  0.128 
 263 G  58  57 104  52 117   7   1  0.302  0.173 
 264 G  58  53   6  75 105   4   1  0.577  0.321 
 265 V  58  57  60 106  59   8   0 -0.118 -0.328 
 266 A  58  56 117 107  60   5   0 -0.179 -0.316 
 267 L  58 117  56  57  97   6   0 -0.049 -0.169 
 268 V 117  98  58  99  97   7   0 -0.319 -0.396 
 269 P 117  58  53  56 118   4   1  0.253  0.192 
 270 K  57  53 117  58 120   5   1  0.390  0.197 
 271 E  58 117  82  53   1   5   1  0.201  0.134 
 272 D  58  57 105  56  53   8   1  0.253  0.066 
 273 S  58  57  75  97  53   8   1  0.360  0.173 
 274 R  58 117  97  79  53   2   1  0.064 -0.007 
 275 F 117  97  58  56   6   2   0  0.025 -0.117 
 276 S  57 117  56  98  58   5   0 -0.084 -0.197 
 277 A 117  57  58  56  99   7   0 -0.055 -0.190 
 278 P  58  57 117  52 118  10   1  0.195  0.131 
 279 R  58  53  75  57 117   6   1  0.427  0.264 
 280 V  58  75 117 105  17   7   1  0.512  0.304 
 281 A  58 117  57  56  60   4   0 -0.055 -0.193 
 282 L  58  57 117  56  61   6   0 -0.054 -0.173 
 283 V  58 117  97  75   6   6   1  0.276  0.086 
 284 E 117  58 118  53  61   3   1  0.123  0.086 
 285 Q  58  57 117  52  75   7   1  0.391  0.228 
 286 D  58  53  57 117  97   4   1  0.052 -0.041 
 287 A  57  58 117 115  15   6   1  0.148  0.010 
 288 P  58  75  53   1  97   6   1  0.404  0.317 
 289 M 117  53  57  61 120   5   1  0.218  0.130 
 290 A 117  58  99  61  60   2   0 -0.295 -0.396 
 291 P 117  61  98  57  58   2   0 -0.214 -0.303 
 292 G 117  57  58  11   1   5   1 -0.061 -0.063 
 293 R  58 117  75  53  97   5   1  0.324  0.188 
 294 S 117  58 120  75  53   6   1  0.661  0.425 
 295 P 117   3  58  53  87   4   1  0.458  0.487 
 296 L 115  58 117   1  79   6   1 -0.020  0.008 
 297 A 117  75  61 115  79   7   1  0.036  0.026 
 298 T  58 117  53  57 115   8   1  0.046 -0.016 
 299 T  58 117  57  97  79   8   0 -0.059 -0.161 
 300 V  58  56 117  10   6   6   0 -0.033 -0.190 
 301 M  57 107  97  98  58  11   0 -0.297 -0.437 
 302 D  58  97 117  11  79   8   0 -0.197 -0.250 
 303 F  58  98  10   6  71   4   1 -0.066 -0.195 
 304 I 117  56  57  58 115   7   0 -0.055 -0.144 
 305 H  58  98  60  57 117   8   0 -0.215 -0.324 
 306 V  58  99  61  57  98   8   0 -0.288 -0.415 
 307 P  58  75  53  57  11   8   1  0.325  0.160 
 308 I  58 117  99  98  53   2   0 -0.093 -0.166 
 309 L 117  99  58 109  60   4   0 -0.272 -0.378 
 310 P  58 117  53  56  84   2   1  0.511  0.299 
 311 L 117  57  58  61  85   6   1  0.400  0.167 
 312 N  58   1  57  53   6   5   1  0.310  0.217 
 313 H  58  57   3   6  99   6   1  0.192 -0.138 
 314 A  58  97 117  60 115   5   0 -0.289 -0.347 
 315 L 117  58 115  60 107   5   0 -0.310 -0.393 
 316 L 117  58  56  61  60   4   0 -0.164 -0.274 
 317 A  57 117  61  71  98   3   1 -0.186 -0.150 
 318 A  58 117  57  11  70   5   1  0.013 -0.129 
 319 R  58 117  57  99  53   4   1  0.046 -0.061 
 320 T  53   1   6  58  98   2   1  0.171  0.113 
 321 R 117  58  79  75  20   3   1  0.393  0.220 
 322 Q 117 115  58  56   1   3   0 -0.010 -0.000 
 323 L  58  79 115   6  87   7   1  0.189  0.312 
 324 L   6 117  58  79 115   3   0  0.010 -0.084 
 325 E  57 117  58  53  60   7   1  0.046 -0.065 
 326 D  58  57   5  53  99   3   1  0.369  0.069 
 327 E   6  57  58  99 117   5   0 -0.003 -0.163 
 328 S  58  61 115 117  56   6   0 -0.163 -0.225 
 329 Y 117  43  58  57  99   5   1 -0.030 -0.127 
 330 D 117  58  61  82  60   3   0 -0.184 -0.345 
 331 G  58  56  99   6  53   3   1  0.177  0.002 
 332 G  57 117  58   6  75   5   1  0.379  0.162 
 333 A  58 117  99  73   1   4   1  0.172  0.130 
 334 G  58  56 117   1 115   2   0 -0.010 -0.000 
 335 A  58 117   1  15  17   3   1  0.468  0.380 
 336 A  58   1 117  57  53   4   1  0.200  0.180 
 337 S  58  99 115  57  60   5   0 -0.260 -0.382 
 338 A  58 115  57 117  79   6   0 -0.064 -0.136 
 339 F 117  57  58  56   1   3   1  0.099  0.051 
 340 A 117  58  57  56  87   2   1  0.198  0.318 
 341 P 117   3  57  58  53   4   1  0.315  0.076 
 342 P  58 117  97  52  53   8   1  0.139  0.078 
 343 R  53  58 117  75  57   5   1  0.427  0.264 
 344 S  58 117   6  79  97   4   0  0.016 -0.109 
 345 S 117  60  97 115   6   2   0 -0.279 -0.281 
 346 P 117  58  57  79  60   6   0 -0.065 -0.185 
 347 C  58  56  61  57  38   3   1  0.048 -0.098 
 348 A  57 117  99  58 107   7   0 -0.201 -0.338 
 349 S  58  57 117  60  10   8   0 -0.239 -0.368 
 350 S  58  57 117   6 115   5   0 -0.002 -0.118 
 351 T  58  57  75  11  52   9   1  0.289  0.124 
 352 P  58 117  98 116  53   5   1 -0.014 -0.112 
 353 V 117  17  82  57  98   4   1 -0.000 -0.081 
 354 A  58 117  75  61  97   3   0  0.093 -0.047 
 355 V  58 117  99  15  61   6   0  0.038 -0.116 
 356 G  58  57  87 117  75   6   1  0.448  0.520 
 357 D  58 117  53 115  56   5   0  0.068  0.010 
 358 F 117  57  86  87  58   7   1  0.455  0.637 
 359 P  58  57  75  56 117   7   1  0.326  0.135 
 360 D  58 117  57  56  53   6   1  0.177  0.061 
 361 C  58 117  56  57   6   8   0  0.129 -0.041 
 362 A  58  99 117  60   1   4   0 -0.143 -0.172 
 363 Y  58 117  57 115  56   5   0 -0.055 -0.144 
 364 P  58 117  98  53 118   4   1  0.093  0.062 
 365 P 117  58  57   6  79   5   1  0.119 -0.032 
 366 D  58  57 117  75 120   5   1  0.539  0.271 
 367 A 117  58  17  82   1   3   1  0.246  0.154 
 368 E  57  58   3 117 118   3   1  0.268  0.053 
 369 P  58  56   1 117  52   2   1  0.185  0.170 
 370 K  57  53  58  55  75   7   1  0.416  0.725 
 371 D  58 117  53  75  57   6   1  0.427  0.264 
 372 D  58   3 117  75   6   5   1  0.538  0.202 
 373 A  57  58   6 107  60  10   0 -0.091 -0.305 
 374 Y  58 117  60 115   6   4   0 -0.112 -0.218 
 375 P 117  56  58  99  98   2   0 -0.194 -0.294 
 376 L 117  57  11  61  58   4   0 -0.214 -0.288 
 377 Y 117  58  82  99  53   7   0  0.047 -0.107 
 378 S  57 117  58  75  61  10   1  0.196  0.029 
 379 D  58  57  53  75  97   7   1  0.360  0.173 
 380 F  58  75   6 115  71   4   1  0.397  0.235 
 381 Q  58 117  75 105 115   7   1  0.236  0.078 
 382 P  58  56  96  98  61   5   0 -0.202 -0.352 
 383 P  57  58 117  79 108   8   0 -0.051 -0.114 
 384 A  58  57  60  99 117   7   0 -0.187 -0.316 
 385 L  58  99  57 117  60   5   0 -0.187 -0.316 
 386 K 117  58  60  99  11   5   0 -0.325 -0.405 
 387 I  58 117  98  99  56   6   0 -0.194 -0.294 
 388 K  58  57 117  99  61   7   0 -0.185 -0.296 
 389 E  58  56  53 117 118   3   1  0.253  0.192 
 390 E  57 117  87  58  15   4   1  0.400  0.472 
 391 E  58   1  53  75 117   3   1  0.472  0.408 
 392 E  58   1  15   3  87   2   1  0.639  0.642 
 393 G  57  58 117  85  87   3   1  0.651  0.658 
 394 A  58 117  75   6  57   5   1  0.379  0.162 
 395 E 117  58  87  57  76   6   1  0.377  0.406 
 396 A 117   6  57  60  82   4   0 -0.064 -0.199 
 397 S  58 117  55  61  57   4   0 -0.123  0.277 
 398 A 117  58  75  56  60   4   0  0.217  0.035 
 399 R 117  53  58  57  89   4   1  0.271  0.411 
 400 S  58   6 117  82  79   4   0  0.121 -0.078 
 401 P  53  57  58 117   1   7   1  0.200  0.180 
 402 R  58  56  57  61   6   5   0  0.056 -0.136 
 403 S  58  75  57   6 115   9   1  0.305  0.096 
 404 Y  58  60 117  61   5   5   0  0.102 -0.155 
 405 L  99 117   6  60  57   6   0 -0.176 -0.250 
 406 V 117  58  99 118  96   3   0 -0.047 -0.144 
 407 A  58 117  56  99  61   7   0 -0.164 -0.270 
 408 G  58  57 117  53  75   6   1  0.427  0.264 
 409 A  58  63 115  57  56   7   0 -0.055 -0.172 
 410 N  58  75 117  57  97   8   1  0.201  0.033 
 411 P  58  98  52 105  79   5   1  0.069 -0.066 
 412 A  58  57  75 117 115   4   1  0.196  0.058 
 413 A  58 117  56 116 115   3   0 -0.086 -0.188 
 414 F 117  57  58  56  99   6   0 -0.055 -0.190 
 415 P  58  57  75  52 117   5   1  0.391  0.228 
 416 D  58 117  57  53  99   4   1  0.046 -0.061 
 417 F  58  99   1 117  61   3   0 -0.141 -0.152 
 418 P 117  57   6  53  58   2   1  0.230  0.088 
 419 L 117  58  56  84  75   4   1  0.660  0.373 
 420 G  58 117  57  75  53   8   1  0.427  0.264 
 421 P  58  53  57 120 117  10   1  0.390  0.197 
 422 P  58  57  56 117  97   9   0 -0.049 -0.169 
 423 P  57  58  60 115  73   7   1  0.055 -0.084 
 424 P  58  97  56 117 107   7   0 -0.173 -0.292 
 425 L 117 115  58  98  99   8   0 -0.325 -0.371 
 426 P 117  99  58  60  97   4   0 -0.290 -0.392 
 427 P  57  99  61 117  11   9   0 -0.387 -0.371 
 428 R  11  98  99  10  57  10   0 -0.544 -0.559 
 429 A  58 117  10  98  99   6   0 -0.378 -0.469 
 430 T  98 117  58  53  87   5   1  0.160  0.342 
 431 P  82  58 117  56  98   5   0 -0.082 -0.243 
 432 S 117  58  82  96  55   5   0 -0.058  0.252 
 433 R 117   6 118  10  58   4   0  0.021 -0.084 
 434 P  97 117  58  73  55   8   1  0.087  0.482 
 435 G  58  57 107 117  85  10   1  0.384  0.125 
 436 E  58  79 105 117  97   9   0 -0.019 -0.141 
 437 A  58   6  79  57  53   9   1  0.277  0.107 
 438 A  58  60  98  79  10  10   0 -0.330 -0.454 
 439 V  58 117  97  56 115   9   0 -0.158 -0.221 
 440 T 117  57  60  96  70   6   1 -0.067 -0.187 
 441 A  58  98  61  53  99   7   0 -0.166 -0.261 
 442 A  99  10  58 117  12   7   0 -0.369 -0.382 
 443 P  58  57  99  11  53   5   1 -0.057 -0.165 
 444 A  58 117  99  98  11   9   0 -0.354 -0.409 
 445 S 117  99  58  57  98   5   0 -0.216 -0.320 
 446 A 117  58  99  56  79   3   0 -0.044 -0.156 
 447 S  56 117  53  10  75   7   1  0.223  0.154 
 448 V 117  58  57   3  17   8   1  0.360  0.096 
 449 S  58  73  53 117   6   8   1  0.435  0.290 
 450 S   3 117  58   6  10   8   0  0.105 -0.175 
 451 A  58 117  75  97  10  10   0  0.039 -0.116 
 452 S  58  98  76  57  60   8   1  0.021 -0.224 
 453 S 117  58 115   3  99   8   0 -0.027 -0.227 
 454 S 117  97  58  60  96   7   0 -0.226 -0.355 
 455 G 117  58  96  61  99   6   0 -0.231 -0.356 
 456 S  99  58 117  20   6   4   0  0.073 -0.087 
 457 T  58  53  99  10   6   9   1 -0.007 -0.173 
 458 L  57  58  75   5  76  10   1  0.829  0.354 
 459 E   6  76  99 115  12   5   1 -0.069 -0.119 
 460 C  58   6 117  10 106   5   0 -0.109 -0.239 
 461 I  58  98  56  99  79   4   0 -0.147 -0.276 
 462 L  57  58  99  97 117   5   0 -0.180 -0.292 
 463 Y  58  99  43  98  53   7   1 -0.011 -0.092 
 464 K 117  58  53  99   1   8   1  0.090  0.083 
 465 A  99  60   1  12   6   8   1 -0.226 -0.138 
 466 E  58  53  70  57 117   6   1  0.274  0.114 
 467 G 117  58  98  99   1   4   0 -0.171 -0.176 
 468 A   1 117  63  99  58   5   1 -0.069 -0.084 
 469 P 118  56  58 117   3   5   0  0.289  0.078 
 470 P 117  57  99  55   3   4   1 -0.028  0.314 
 471 Q   1  58  43  85  72   4   2  0.730  0.538 
 472 Q  53   3   1 117  58   7   1  0.359  0.220 
 473 G  73  57  58 105  98   5   1  0.175 -0.017 
 474 P  58  38 106   3  70   8   1  0.358  0.052 
 475 F 117  71  58   1   3   6   1  0.328  0.205 
 476 A  97  55  58  43   6   5   1  0.039  0.407 
 477 P  71 117  43  58   3   5   1  0.331  0.150 
 478 P 117  57   3   1   6   6   1  0.247  0.132 
 479 P  58  73  53  79  75   7   1  0.680  0.485 
 480 C  55  98  58  76  88   9   1  0.252  0.577 
 481 K  58  99  97  60   1   9   0 -0.211 -0.263 
 482 A 117  71  99   3  79   6   1  0.122  0.012 
 483 P  58 117  79   3   6   7   1  0.278  0.008 
 484 G  56  58  96  53   6   4   1  0.241  0.039 
 485 A  57   6  73 117  10  12   1  0.087 -0.000 
 486 S  58  57   6   5  10   8   1  0.268 -0.086 
 487 G   6  73  79   3  58   9   1  0.519  0.195 
 488 C   6  98 117  79  58   2   0 -0.019 -0.137 
 489 L  98  12  58  56  99   5   0 -0.288 -0.326 
 490 L 117  58  98 108  57   7   0 -0.201 -0.252 
 491 P  58  82   3  99  98   9   0 -0.019 -0.340 
 492 R  57  53   6  75 117  10   1  0.438  0.330 
 493 D  58   6  10  99   5   7   1  0.158 -0.183 
 494 G   6  99  53  57  56   7   1  0.114  0.015 
 495 L  58   5  60  70  57   9   1  0.365 -0.011 
 496 P  58   5  97  99  56   5   0  0.164 -0.137 
 497 S  56   6  99  58  57   5   0  0.054 -0.153 
 498 T  58  57 117  53  98   6   1  0.017 -0.069 
 499 S  58  99  12 117 115   4   0 -0.316 -0.284 
 500 A  58   6  11  57  60   6   0 -0.105 -0.271 
 501 S  71 117  58  99   6   5   1  0.089 -0.024 
 502 A  57 117  99  75  98  10   1 -0.007 -0.078 
 503 A  58 117   1  56  57   4   1  0.099  0.051 
 504 A  53  58  57  75 117   7   1  0.427  0.264 
 505 A  58 117  98  53  57   4   1  0.017 -0.069 
 506 G  99  76 106  60   3   6   1  0.092 -0.186 
 507 A  58 117  17  71   1   6   1  0.336  0.339 
 508 A 117   1   3   6  73   4   1  0.453  0.333 
 509 P 117  53  73  58   3   3   1  0.520  0.278 
 510 A  84 117  85  43  16   5   2  1.004  0.871 
 511 L  82 117  85   1  55   8   1  0.443  0.835 
 512 Y  73   1  57 104  76   9   2  0.638  0.513 
 513 P  58  73   3  79  53  10   1  0.568  0.297 
 514 A  58  59  79   6 106   8   0  0.077 -0.141 
 515 L  79  58 115  59 117  13   0 -0.087 -0.207 
 516 G   3 117  55  61  56   9   0 -0.005  0.356 
 517 L   3  12  99  10  79   9   0 -0.226 -0.309 
 518 N  58  12 117  98  99  11   0 -0.346 -0.337 
 519 G  99   1  58  10  53   9   1 -0.037 -0.081 
 520 L  73   1  75  99  12   8   1  0.286  0.340 
 521 P 117  73  99  12  10   7   0 -0.227 -0.166 
 522 Q  44   1  73  57   3  10   2  0.496  0.331 
 523 L  79  58   1   6  72   8   1  0.294  0.169 
 524 G  73  44  55  71  85   4   2  0.812  1.128 
 525 Y  44  72   3  63   6   8   1  0.381  0.097 
 526 Q  73  71   1   5  72   7   2  0.729  0.582 
 527 A  79  73  53   6   5   6   2  0.707  0.467 
 528 A   3  73  44  75  20  12   2  0.800  0.491 
 529 V  45   6   5  71  44   9   2  0.733  0.439 
 530 L  10   6  79  73  72  12   1  0.230  0.091 
 531 K  58  53  71  72 117  10   1  0.343  0.247 
 532 E  72  70  44  46  71   8   2  0.512  0.360 
 533 G  10  72  71  73  96  11   1  0.190  0.085 
 534 L  73  10  58  99   5   9   1  0.289 -0.033 
 535 P  58  59 117  96  56   9   0 -0.014 -0.223 
 536 Q  58  71  57 117  10  12   1 -0.037 -0.128 
 537 V 117   6  10  58  99   8   0 -0.165 -0.312 
 538 Y  99 117  73   6  76  10   1  0.340  0.166 
 539 P 117  58  73  12  53   8   1  0.231  0.221 
 540 P 117  58  38  72  12   8   1  0.064  0.027 
 541 Y  82  73   1  72 117   8   1  0.316  0.267 
 542 L 117   3  73  17  99   8   1  0.391  0.214 
 543 N 117   5   6  76  73   9   1  0.738  0.408 
 544 Y   5  58  98   6  53   8   1  0.415  0.113 
 545 L  72  79   6 117  55  11   1  0.104  0.529 
 546 R  96  73  60 117   6   8   1  0.093 -0.011 
 547 P 117  10  73  96  57  10   1 -0.033 -0.112 
 548 D  58  71  75  12 117   8   1  0.266  0.232 
 549 S  58 117  72   6  99   9   1  0.093 -0.091 
 550 E  73  72  71  12  88   4   1  0.435  0.502 
 551 A  73  72  63  99 117   7   1  0.124  0.059 
 552 S  73  71  53 117  79   7   1  0.401  0.424 
 553 Q  72 117  58  75   5   7   1  0.688  0.327 
 554 S  73   6  44  88 117   7   1  0.499  0.439 
 555 P   6  71   5  38  73   6   2  0.730  0.508 
 556 Q   6  73  79   5  99   9   1  0.474  0.216 
 557 Y  58   6  72  75  98  11   1  0.372  0.115 
 558 S  58 117   5   6  73  13   1  0.600  0.280 
 559 F  99  73  98  71  44   8   1  0.136  0.085 
 560 E  72 117  88   6  79   9   1  0.319  0.278 
 561 S   5  69 115  54  53   8   1  0.408  0.263 
 562 L   6  70  79   1  47   8   2  0.584  0.426 
 563 P   5  53  99  71  58   5   1  0.461  0.208 
 564 Q   5  57  53  58  56   6   1  0.501  0.191 
 565 K  58  97   6  53  56  11   1  0.184  0.022 
 566 I 115  58  98  97  57  11   0 -0.282 -0.366 
 567 C  75  58  60  57  53  11   1  0.353  0.149 
 568 L  58  96 117  12  98   9   0 -0.281 -0.299 
 569 I 117  98 107  63  72   4   1 -0.233 -0.273 
 570 C 117  56  12  82  57   6   0 -0.137 -0.142 
 571 G  53  57  43 119  58   6   1  0.387  0.249 
 572 D  75 119 102  76 117   5   2  0.683  0.502 
 573 E   1 112   3  72  76   7   2  0.718  0.397 
 574 A 117 102   3  58  85   7   1  0.759  0.413 
 575 S  79 117  48  76  86   5   1  0.814  0.509 
 576 G  86 116  71  56   5   3   1  0.653  0.492 
 577 C  72  55  88  56  86   7   1  0.521  1.024 
 578 H  48  34  58  89 117  10   1  0.655  0.424 
 579 Y  74  52   8   3  96   6   1  0.234  0.230 
 580 G  97  53  58 107  11  12   0 -0.174 -0.267 
 581 V 105  65  16  14  58   9   1  0.423  0.304 
 582 L  12  35  82 108  34   9   1  0.016 -0.025 
 583 T   1  14 117  18  13   7   1  0.126  0.285 
 584 C 118  40   3  12  52   9   1  0.086  0.114 
 585 G  88 120  75  15  16  10   2  1.082  0.959 
 586 S  39   1 120  67  85   9   2  0.765  0.592 
 587 C   3 104  40  22  18  10   1  0.314  0.282 
 588 K   3 105  90  93  79  13   1  0.506  0.323 
 589 V  38   8  94  58  20  13   1 -0.011  0.099 
 590 F  24  59  25   1  27  15   0 -0.266 -0.119 
 591 F  14  88  55  97  60  13   1 -0.071  0.445 
 592 K 108  41  24  97  26  15   0 -0.513 -0.401 
 593 R  44  23  25  98  24  15   0 -0.357 -0.272 
 594 A  23  54  55  34  28  13   1  0.021  0.465 
 595 M  84  28  23 117  82  12   0  0.110  0.003 
 596 E  90  85 102  28  23  13   1  0.570  0.436 
 597 G  52 103   5  23  44  12   2  0.733  0.452 
 598 Q  53   5  58  28  52  10   1  0.482  0.269 
 599 H 115  51  76   7  96  12   1  0.053  0.172 
 600 N  97   7 115  33 106  10   0 -0.225 -0.153 
 601 Y  96   8  97 107  58  11   0 -0.323 -0.420 
 602 L 108  12  97  61  71  14   0 -0.340 -0.183 
 603 C  28  98  13 118  96  14   0 -0.264 -0.187 
 604 A  12  84 118 102 117  10   1  0.340  0.372 
 605 G  14 112 117 119  85   8   1  0.824  0.587 
 606 R  46  14  75  53 103   3   2  0.917  0.741 
 607 N 119  75  53  15 113   8   2  1.193  0.799 
 608 D  58  33  53 114  48   9   2  0.815  0.417 
 609 C 115   3  59   8 107  15   0 -0.210 -0.352 
 610 I 115  35  54  38  20  11   1  0.222  0.283 
 611 V  35  82 117  96  39  10   1  0.009 -0.048 
 612 D  88 101  40 102 109  13   1 -0.002  0.135 
 613 K  44  65  14  58 110  13   1  0.246  0.009 
 614 I  53  80  63 112 120  11   1  0.428  0.260 
 615 R  53  43  23  86  21   9   1  0.300  0.378 
 616 R  40   3  70  69  68  13   1  0.100 -0.067 
 617 K  75  43  71   5  79  11   2  0.715  0.516 
 618 N  54  51   7 120  72  10   1  0.441  0.550 
 619 C  46  56  55  69  72  14   1  0.191  0.566 
 620 P  57  96  73  79  47  10   1  0.507  0.293 
 621 A  58  94  38  14  98  12   1 -0.090 -0.013 
 622 C  59  80  20  88  28   9   0  0.031  0.025 
 623 R 120 116  54  68  58  13   1  0.306  0.118 
 624 L  14 117  82  23  56  15   0 -0.102 -0.154 
 625 R   5  23  44  41  34  13   1  0.307  0.009 
 626 K  23  27  74  42  52  17   1 -0.054  0.160 
 627 C  28  80  43  87  95  16   1  0.006  0.274 
 628 C  29  88  38  43  69   9   1  0.305  0.340 
 629 Q  30  34  44  26  54   8   2  0.333  0.204 
 630 A  31  52  80  42  72  11   1  0.118  0.106 
 631 G  32  12  16  54  53  16   2  0.469  0.622 
 632 M  49  82  43  33  55  12   1  0.169  0.689 
 633 V  50  43  34   7  54  11   1  0.291  0.227 
 634 L   8  37  51  14  52  13   1  0.152  0.448 
 635 G  75  57  58  20  97  10   1  0.313  0.094 
 636 G  38  58  98  53  67  13   1  0.122  0.025 
 637 R  55  49  87  38  35  11   2  0.346  1.157 
 638 K  82  43  42  34  70  10   1  0.242  0.030 
 639 F  73  82  61 117  69  12   1  0.065 -0.042 
 640 K  44  53   5  75  57  11   2  0.770  0.473 
 641 K  53  75  20  47 120   7   2  1.040  0.737 
 642 F  87  38  69  42  72  12   1  0.222  0.422 
 643 N  69  70  73  72  54   8   2  0.526  0.367 
 644 K  58  42  72   6  70  12   1  0.273  0.051 
 645 V   6  20  42   5 117  12   1  0.323  0.150 
 646 R   6  70  53  82   5  13   1  0.610  0.264 
 647 V  70   6  58 117  73  16   1  0.431  0.214 
 648 V   5  69 117  42   6  13   1  0.244  0.061 
 649 R   6  82  53   5 117  12   1  0.456  0.201 
 650 A  42   6  82  69 115  13   0 -0.115 -0.196 
 651 L 117 115   5  69  42  10   1  0.061 -0.043 
 652 D  57  82  73  42  58   7   1  0.191  0.004 
 653 A  69  58  57  42  71  10   1  0.073 -0.025 
 654 V   6  58  69  70  43   9   1  0.306  0.073 
 655 A   6  70 117  58  57   8   1  0.226  0.012 
 656 L  56   5  70  71 117   7   1  0.489  0.283 
 657 P 117   6  72  57  71   8   1  0.231  0.159 
 658 Q  58   6  96  98 117   9   0 -0.077 -0.230 
 659 P  58 115  71   6 117   8   1  0.090  0.022 
 660 V   6 115  82 117  60   5   0 -0.174 -0.250 
 661 G 117  81  17  61  72   4   1  0.028  0.015 
 662 V  72 117  17  56  61   6   1  0.145  0.086 
 663 P  73  65  61  57 117   6   1  0.184  0.110 
 664 N  20 117  47   6  17   9   1  0.617  0.434 
 665 E  20  58  53   1  73  10   1  0.517  0.442 
 666 S   6  59  53   3  76   8   1  0.539  0.171 
 667 Q   6 115  20  95  60   8   1 -0.058 -0.164 
 668 A  61  96 117 107  44   7   0 -0.226 -0.303 
 669 L   6  72  10  58  11  10   1 -0.062 -0.247 
 670 S  98   6  57  58  10  13   0 -0.158 -0.335 
 671 Q  58  10  99  42  11  10   0 -0.426 -0.487 
 672 R  58   5  98   6  42  13   1  0.208 -0.059 
 673 F   6  72  99 117  69   9   1  0.027 -0.090 
 674 T  43  71  73  70  47   7   2  0.798  0.626 
 675 F  71 117  72  44  65   6   2  0.357  0.266 
 676 S   6  73   1  72  45   5   2  0.616  0.507 
 677 P  73  71  72  53  82   4   2  0.522  0.402 
 678 G  17  88  72  71  73   8   2  0.733  0.692 
 679 Q  72  44  20  77  38   7   2  0.425  0.283 
 680 D  71  73   6   1  53   4   2  0.543  0.572 
 681 I  73  76   6  75  79  11   2  0.769  0.510 
 682 Q  44  38  90   6  66   9   2  0.574  0.392 
 683 L 117  71  21  73  39  10   1  0.227  0.237 
 684 I  40  73  72  22  68  13   1  0.030  0.104 
 685 P  65  27  73  38  20  10   1  0.373  0.313 
 686 P  24  42  25  27  20  14   0 -0.295 -0.135 
 687 L  24  42  58   9  25  14   0 -0.376 -0.321 
 688 I  42  11  69  24  68  14   0 -0.389 -0.308 
 689 N  42  44  27  41  26  13   0 -0.314 -0.224 
 690 L  27  70  72  71  42  15   1  0.130  0.123 
 691 L  42  43  71  24  72  16   1  0.055  0.109 
 692 M  73  69  88  70  28  13   1  0.411  0.357 
 693 S  71  44  70   5  47  15   2  0.916  0.545 
 694 I  45  72   5  71   6  12   2  0.746  0.446 
 695 E  46  73  72   6  90   6   2  0.691  0.481 
 696 P  73  58  47  77 115  10   1  0.595  0.353 
 697 D   4  96   6  19  79  12   1  0.338  0.192 
 698 V  58   8  79   6 115  11   0 -0.073 -0.126 
 699 I  60  98  59 115 117  11   0 -0.411 -0.432 
 700 Y  70  44 117  61  11  10   1 -0.076 -0.131 
 701 A 117  98  99  61 109  14   0 -0.473 -0.449 
 702 G  53  71  83  45   5  12   2  0.876  0.612 
 703 H  73  53  46 102  72  11   2  0.639  0.558 
 704 D  73  47 103  70   1   6   2  1.086  0.854 
 705 N  71  75  48   5  43   9   2  1.056  0.603 
 706 T  72   6  17  33 106   6   1  0.352  0.285 
 707 K  34   6  55  72  86   3   2  0.560  0.872 
 708 P  73   3  55  51 117   7   1  0.317  0.912 
 709 D  20  38   5  19  73   6   2  0.697  0.510 
 710 T   6  82   1  38  20  10   1  0.267  0.197 
 711 S  73  76  20  75  58  13   1  0.823  0.487 
 712 S   3  65  86  19  37  14   2  0.749  0.614 
 713 S  66  77   6  21   3  12   1  0.451  0.206 
 714 L  40  27  21  23   1  14   1 -0.312 -0.134 
 715 L  68  25  23  41  24  16   0 -0.482 -0.305 
 716 T  25  41  27  44  26  12   0 -0.325 -0.196 
 717 S  24  26  27  25  42  14   0 -0.480 -0.275 
 718 L  24  23  27  25  72  14   0 -0.303 -0.189 
 719 N  27  41  23  26  25  15   0 -0.519 -0.330 
 720 Q  25  27  24  44  23  13   0 -0.316 -0.196 
 721 L  24  27  25  23  26  13   0 -0.507 -0.326 
 722 G  25  26  73  23  55  14   1 -0.152  0.434 
 723 E  19  27  41  26  25  15   0 -0.350 -0.143 
 724 R  25  24  27  20  23  11   0 -0.322 -0.186 
 725 Q  23  24  25  67  26  15   0 -0.406 -0.278 
 726 L  41  22  25  26  23  14   0 -0.517 -0.298 
 727 L  44  27  25  24  41  15   0 -0.316 -0.185 
 728 S  24  27  25  23  45  14   0 -0.206 -0.105 
 729 V  23  41  24  25  42  14   0 -0.497 -0.309 
 730 V  23  41  27  69  25  15   0 -0.413 -0.279 
 731 K  24  23  44  25  27  15   0 -0.316 -0.196 
 732 W  42  24  45  27   1  16   1 -0.040  0.080 
 733 S  28  69  46  88  12  19   1  0.076  0.185 
 734 K  43  70  44  29  90  15   2  0.467  0.330 
 735 S  48  45  30  71  43  14   2  0.784  0.515 
 736 L  46  72  31   3   5  12   2  0.793  0.387 
 737 P  44  88  38  46  90   9   2  0.632  0.535 
 738 G  48  38  74  58  45  15   1  0.827  0.513 
 739 F  28   5  46  48  69  12   1  0.679  0.243 
 740 R  70  75  88  90  44  14   2  0.838  0.626 
 741 N  71  54  16  48  44  10   2  0.816  0.637 
 742 L  72  35  82  63 117  14   1  0.111  0.049 
 743 H  73  89 120  88  64  18   2  0.762  0.876 
 744 I  65  19  74  38  47  19   2  0.723  0.697 
 745 D  20  66  38  75  91  16   2  0.769  0.518 
 746 D  67  21  86   3  93  14   1  0.502  0.463 
 747 Q  68  40  22  76   3  15   1  0.089 -0.015 
 748 I  23  41  25  96  27  13   0 -0.456 -0.325 
 749 T  23  24  25  27  41  15   0 -0.510 -0.319 
 750 L  23  42  25  24  27  16   0 -0.483 -0.280 
 751 I  23  41  24  26  28  16   0 -0.509 -0.380 
 752 Q  25  23  24  26  41  15   0 -0.521 -0.355 
 753 Y  23  25  26  24  41  15   0 -0.521 -0.355 
 754 S  25  23  24  26  27  17   0 -0.507 -0.326 
 755 W  26  23  25  24  41  16   0 -0.521 -0.355 
 756 M  25  27  26  41  24  15   0 -0.507 -0.314 
 757 S  23  25  24  42  27  14   0 -0.483 -0.280 
 758 L  23  24  25  41  94  15   0 -0.515 -0.196 
 759 M  23  25  24  27  26  13   0 -0.507 -0.326 
 760 V  24  25  23  27  26  15   0 -0.507 -0.326 
 761 F  23  41  24  26  25  14   0 -0.521 -0.355 
 762 G  23  24  42  26  41  14   0 -0.510 -0.383 
 763 L  24  23  25  26  41  14   0 -0.521 -0.355 
 764 G  42  57  70  24  53  14   1  0.063  0.041 
 765 W  28  69  70  44  71  10   1  0.212  0.135 
 766 R  42  44  70  43  72  14   2  0.264  0.166 
 767 S  28  71   2  70  45  14   2  0.414  0.377 
 768 Y  46  55  69  70  29  12   1  0.215  0.615 
 769 K  43  88 116  47  30  13   2  0.613  0.517 
 770 H  84  86  45 102  31  10   2  1.027  0.869 
 771 V  84  31  85  46 103   9   2  1.441  1.046 
 772 S  53 103  73  76  33  11   2  0.981  0.793 
 773 G  33  58 113  93 114   7   2  0.857  0.559 
 774 Q  59 106 107   7   4  11   0  0.011 -0.180 
 775 M   8 115 107  96 106  13   0 -0.446 -0.404 
 776 L 107 116  56  96  99  11   0 -0.284 -0.417 
 777 Y 117  12  61 116  13  12   0 -0.378 -0.265 
 778 F  82 117  72  13 102  12   1  0.081  0.027 
 779 A  14  53 103  57  46  12   2  0.645  0.513 
 780 P  53 112  65  57 119  10   2  0.608  0.414 
 781 D  53  75 113  20 114  14   2  1.103  0.701 
 782 L 105   7 115  17  86   9   1  0.354  0.357 
 783 I   7  71  17 106  50   7   1  0.191  0.234 
 784 L 117  35  61  55  72   7   1 -0.010  0.503 
 785 N  64   2  73  83  36  10   2  0.560  0.558 
 786 E  65  74  38  14   5  10   2  0.640  0.528 
 787 Q  75  20  73   1 120  11   2  0.836  0.691 
 788 R 120  21  16  76  71   9   2  0.670  0.557 
 789 M  87  72  68  86  38  12   2  0.519  0.784 
 790 K  43 120  90   1  36   5   2  0.572  0.594 
 791 E  71  68  76  48  86  10   2  0.860  0.585 
 792 S  20  44  72  66  46   8   2  0.531  0.373 
 793 S  21  73  38  67 117  12   1  0.202  0.184 
 794 F  68  22  40   3  24  14   0 -0.211 -0.183 
 795 Y  27  66  19  20  25  14   1  0.099  0.210 
 796 S  27  23  25  44  24  12   0 -0.316 -0.196 
 797 L  24  27  22  68  40  14   0 -0.468 -0.252 
 798 C  23  41  68  24  27  14   0 -0.484 -0.344 
 799 L  41  27  24  44  25  13   0 -0.316 -0.185 
 800 T  23  24  27  25  42  14   0 -0.483 -0.280 
 801 M  24  23  41  42  25  15   0 -0.497 -0.309 
 802 W  41  23  25  26  27  13   0 -0.519 -0.330 
 803 Q  24  25  44  41  27  16   0 -0.316 -0.185 
 804 I  24  25  27  23  72  15   0 -0.303 -0.189 
 805 P  41  28  42  23  24  17   0 -0.485 -0.334 
 806 Q  44  41  27  26  70  18   1 -0.111 -0.127 
 807 E  44  42  48  45  24  16   1  0.449  0.151 
 808 F  28  46  94  45   5  18   1  0.418  0.386 
 809 V  70  88 115  29  47  15   1  0.535  0.437 
 810 K  30  48  44  74  71  13   2  0.775  0.613 
 811 L  46  70  45  63  80  15   1  0.287  0.158 
 812 Q  16  54 116  32  81  17   1  0.348  0.396 
 813 V  35  51  55  82  74  13   1  0.218  1.028 
 814 S  48  38  64 111 120  13   2  0.762  0.416 
 815 Q  65 112  37  51  94  13   1  0.395  0.651 
 816 E  20  38  66  75 119  12   2  0.721  0.568 
 817 E  38  48  67  21  76   9   2  0.587  0.203 
 818 F  68  40  22  39  78  14   1 -0.196 -0.152 
 819 L  23  96  68  22  25  16   0 -0.413 -0.250 
 820 C  23  94  25  41  68  14   0 -0.485 -0.157 
 821 M  25  41  23  24  26  15   0 -0.521 -0.355 
 822 K  23  41  25  24  26  14   0 -0.521 -0.355 
 823 V  10  23  58  24  25  16   0 -0.400 -0.395 
 824 L  98  10  25  99  59  16   0 -0.524 -0.531 
 825 L  99  10  98  12  69  15   0 -0.538 -0.500 
 826 L  12  43  71  98  56  16   1 -0.103  0.013 
 827 L 111  63  35  82  13  12   1  0.043  0.074 
 828 N  83  16  46  53 111  11   2  0.672  0.710 
 829 T 112  65 111  71  84   9   2  0.831  0.629 
 830 I 120  38  85  66 112   9   2  1.147  0.799 
 831 P 120   1  86  39  67   4   2  0.568  0.571 
 832 L   3  86  71  17  87   7   2  0.845  0.990 
 833 E   7  38  36  35  17   5   1  0.340  0.443 
 834 G   2  16  55 120  51   7   2  0.491  1.237 
 835 L  68  49  72  54  76   8   2  0.435  0.360 
 836 R  20  66  17  38  90  13   2  0.660  0.524 
 837 S  36  73   3   1  53  11   2  0.586  0.590 
 838 Q  68   3  37  19  40  16   1  0.173  0.122 
 839 T  20  38  27  66  41  16   1  0.092  0.114 
 840 Q  21  39  24  27  26  16   0 -0.339 -0.266 
 841 F  23  40  24  68  22  16   0 -0.482 -0.292 
 842 E  23  41  24  27  25  15   0 -0.510 -0.319 
 843 E  24  27  23  25  26  14   0 -0.507 -0.326 
 844 M  24  23  25  27  41  17   0 -0.510 -0.319 
 845 R  23  41  24  27  25  16   0 -0.510 -0.319 
 846 S  41  25  23  27  24  16   0 -0.510 -0.319 
 847 S  25  24  23  27  41  15   0 -0.510 -0.319 
 848 Y  23  24  41  26  25  14   0 -0.521 -0.355 
 849 I  23  26  25  24  27  15   0 -0.507 -0.326 
 850 R  25  23  24  44  27  14   0 -0.316 -0.196 
 851 E  24  25  23  41  26  15   0 -0.521 -0.355 
 852 L  24  25  41  23  27  16   0 -0.510 -0.319 
 853 I  26  41  24  27  25  17   0 -0.507 -0.314 
 854 K  25  24  23  41  27  17   0 -0.510 -0.319 
 855 A  23  24  42  25  41  14   0 -0.497 -0.309 
 856 I  42  69  28  23  25  13   0 -0.372 -0.226 
 857 G  69  43  29  44  70  14   2  0.272  0.168 
 858 L  30  28  45  44  71  15   2  0.383  0.355 
 859 R  46  72  31  70   5   9   2  0.752  0.425 
 860 Q  16 112  32  31  69   8   2  0.709  0.594 
 861 K  43  17  31  54  47   8   2  0.779  0.652 
 862 G  34  36  72   2  17   2   2  0.561  0.480 
 863 V  55  73   3  86  19   5   2  0.658  1.061 
 864 V  76   3  88  20  38   7   1  0.675  0.426 
 865 S  38  21  48  74  66  10   2  0.683  0.503 
 866 S  68  40  39  48   1  10   1  0.225  0.114 
 867 S  68  40  38   3  65  13   1  0.168  0.052 
 868 Q  38  20  44  27  77  15   1  0.233  0.182 
 869 R  40  21  39  22  27  12   0 -0.338 -0.184 
 870 F  68  23  40  22  41  16   0 -0.494 -0.297 
 871 Y  25  27  41  20  24  12   0 -0.323 -0.174 
 872 Q  24  25  23  41  27  16   0 -0.510 -0.319 
 873 L  40  23  24  58  42  16   0 -0.337 -0.313 
 874 T  69  27  41  25  26  16   0 -0.410 -0.274 
 875 K  44  43  24  27  41  17   1 -0.174 -0.106 
 876 L  43  23  45  27  42  15   1 -0.049  0.010 
 877 L  41  46  23  24  14  14   1 -0.182 -0.135 
 878 D  27  82  88  41 111  10   0  0.035  0.104 
 879 N  24  27 120  48   1  15   1  0.440  0.224 
 880 L   1  24  65  37  42  15   1  0.115  0.183 
 881 H  41  88  69  42  68  16   1 -0.095  0.002 
 882 D  44  27  43  24  71  13   1  0.029  0.091 
 883 L  72  24  27  23  40  15   0 -0.318 -0.238 
 884 V  23  73  41  26  42  17   0 -0.205 -0.128 
 885 K  44  25  23  27  26  16   0 -0.325 -0.207 
 886 Q  24  23  25  27  45  16   0 -0.206 -0.105 
 887 L  23  24  25  67  26  15   0 -0.406 -0.278 
 888 H  23  68  22  25  24  15   0 -0.466 -0.244 
 889 L  44  25  41  24  27  13   0 -0.316 -0.185 
 890 Y  24  25  41  23  27  14   0 -0.510 -0.319 
 891 C  23  24  41  26  25  13   0 -0.521 -0.355 
 892 L  24  23  25  27  41  15   0 -0.510 -0.319 
 893 N  41  23  24  27  25  15   0 -0.510 -0.319 
 894 T  24  25  23  42  27  15   0 -0.483 -0.280 
 895 F  42  28  45  69  24  13   1 -0.072 -0.063 
 896 I  69  46  43  44  28  14   1  0.167  0.131 
 897 Q  70  45  44  28  47  14   2  0.645  0.402 
 898 S   5  53  46  28  45  14   2  0.643  0.446 
 899 R  72  46  31  71 112  12   2  0.651  0.488 
 900 A  54  46  30  72  32   9   2  0.606  0.527 
 901 L  55  56  70  47  33  12   1  0.493  0.826 
 902 S   5  16  48  71  51   9   2  0.948  0.868 
 903 V  44  46  49  51  35   6   2  0.415  0.671 
 904 E  54  38 111  72   2  10   2  0.429  0.458 
 905 F   3   1  51  18  68   9   1  0.343  0.573 
 906 P  75  65  68  52   3  11   2  0.571  0.347 
 907 E  53  44  38  65  21  13   2  0.352  0.262 
 908 M   8  97  24  66  40  13   0 -0.274 -0.161 
 909 M  97  23 115  59  21  14   0 -0.384 -0.409 
 910 S  70  40  68  97  23  14   1 -0.271 -0.240 
 911 E  44  23  48  42  53  14   1  0.368  0.133 
 912 V  12  45  72  24  28  14   1 -0.020  0.024 
 913 I  43  82  88  55  46  12   1  0.293  0.749 
 914 A  47  44  70  14  51  11   2  0.583  0.600 
 915 A  75  52  74   5  31   8   2  0.925  0.774 
 916 Q 120  58  53  16  72   8   2  0.700  0.538 
 917 L  51   1  55  58  76   8   1  0.297  0.900 
 918 P  51 116  47 115  89   8   1  0.340  0.697 
 919 K 120  16 116  71  19  11   2  0.536  0.539 
 920 I  82  55  43 102  71   8   1  0.190  0.663 
 921 L 102  88  46 111 112  12   1  0.666  0.632 
 922 A  70  74  51 102  83   9   2  0.570  0.797 
 923 G   5  48  52 119  53   7   2  1.004  0.558 
 924 M 999 999 999 999 999 999 999 -9.999 -9.999 
 925 V 999 999 999 999 999 999 999 -9.999 -9.999 
 926 K 999 999 999 999 999 999 999 -9.999 -9.999 
 927 P 999 999 999 999 999 999 999 -9.999 -9.999 
 928 L 999 999 999 999 999 999 999 -9.999 -9.999 
 929 L 999 999 999 999 999 999 999 -9.999 -9.999 
 930 F 999 999 999 999 999 999 999 -9.999 -9.999 
 931 H 999 999 999 999 999 999 999 -9.999 -9.999 
 932 K 999 999 999 999 999 999 999 -9.999 -9.999 
 933 K 999 999 999 999 999 999 999 -9.999 -9.999 