   1 M 999 999 999 999 999 999 999 -9.999 -9.999 
   2 E 999 999 999 999 999 999 999 -9.999 -9.999 
   3 S 999 999 999 999 999 999 999 -9.999 -9.999 
   4 R 999 999 999 999 999 999 999 -9.999 -9.999 
   5 G 999 999 999 999 999 999 999 -9.999 -9.999 
   6 P 999 999 999 999 999 999 999 -9.999 -9.999 
   7 L 999 999 999 999 999 999 999 -9.999 -9.999 
   8 A 999 999 999 999 999 999 999 -9.999 -9.999 
   9 T 999 999 999 999 999 999 999 -9.999 -9.999 
  10 S 999 999 999 999 999 999 999 -9.999 -9.999 
  11 R  27  23  24  25  41  14   0 -0.510 -0.319 
  12 L  27  26  24  25  23  14   0 -0.507 -0.326 
  13 L  25  27  23  41  24  15   0 -0.510 -0.319 
  14 L  23  25  27  41  24  15   0 -0.510 -0.319 
  15 L  25  41  27  23  24  14   0 -0.510 -0.319 
  16 L  25  24  41  23  26  13   0 -0.521 -0.355 
  17 L  24  25  41  23  26  13   0 -0.521 -0.355 
  18 L  24  25  41  27  23  14   0 -0.510 -0.319 
  19 L  42  28  24  25  27  14   0 -0.455 -0.226 
  20 L  42  29 109  69  28  12   0 -0.229 -0.160 
  21 L  69  43  46  70  30  10   2  0.382  0.289 
  22 R  70  83  43  30 111  11   2  0.512  0.444 
  23 H  16 120 112  28  83  10   1  0.725  0.592 
  24 T  46  17  29  54  55  10   2  0.370  0.871 
  25 R  85 112   2  51  30   7   2  0.909  0.958 
  26 Q  51  48  18  31  39   6   2  0.691  0.670 
  27 G   5   3  32  51  48   4   2  1.023  0.658 
  28 W  33  51  38   6  49   9   2  0.338  0.612 
  29 A  96  50 115  51   7   7   0 -0.139  0.133 
  30 L  43   8 107   3  57   7   1 -0.031 -0.141 
  31 R  58  97  96  52  75  11   1  0.278  0.077 
  32 P  58  53  98  99  80   3   0 -0.169 -0.251 
  33 V 117  57 108  80  11   4   0 -0.376 -0.293 
  34 L 117  63  82  57  97   4   0 -0.168 -0.239 
  35 P  58 117  82  14 120   4   1  0.285  0.038 
  36 T  65  75 119  53  15   3   2  0.890  0.676 
  37 Q  16 120  75  55  12  10   1  0.513  1.012 
  38 S  86  43  17 117   3   5   1  0.621  0.543 
  39 A   3  89  73  87  54   6   2  0.732  1.056 
  40 H  35 119  74  84  18  11   2  0.889  0.899 
  41 D   3  86  76  48  85   5   2  1.472  0.866 
  42 P   3  76  86  38 105   8   2  0.750  0.489 
  43 P  38  97  34  96  58   6   1  0.140 -0.133 
  44 A  96  58  97  68  56   9   0 -0.128 -0.258 
  45 V  93  58  80   9  79  11   1 -0.100 -0.095 
  46 H 117  45  88  60  99   4   1  0.110  0.079 
  47 L  72 117 109  82  13   5   0 -0.096 -0.160 
  48 S  14  53  12  43  89   8   1  0.176  0.522 
  49 N  44  83  70 119  65   5   2  0.649  0.393 
  50 G 102  34  71 118  16   4   2  0.598  0.605 
  51 P   3  31   1  55  17   4   2  0.455  0.838 
  52 G  18   3  89  85  90   6   2  1.120  1.035 
  53 Q  48   5  74   1  53   7   2  0.960  0.722 
  54 E  34   6  79  20  95   9   1  0.327  0.068 
  55 P  79   6   8  96 106  10   0 -0.127 -0.144 
  56 I   8 107  58  97  68  15   0 -0.347 -0.374 
  57 A  97  60  11  99  10  12   0 -0.619 -0.632 
  58 V  98  58   9  99  60  15   0 -0.455 -0.561 
  59 M  99  11  12  63 117  12   0 -0.445 -0.320 
  60 T  83  53 118  57  62  15   1  0.278  0.238 
  61 F  63  14  45 110  16  10   1  0.319  0.291 
  62 D  75  64 120 118  83  17   2  0.797  0.570 
  63 L   1  65  14  86  53  10   2  0.585  0.658 
  64 T  75  54  46  88  87  11   2  0.810  1.017 
  65 K 120  47   2  48  90   9   2  1.204  0.686 
  66 I  55  86   3  76  87  14   2  0.740  1.266 
  67 T   6  90  47  79  88  14   1  0.781  0.578 
  68 K  48  46  90 120  53   9   2  1.026  0.591 
  69 T  79   6  52  87  93  13   2  0.418  0.695 
  70 S  95   9  94  53  90  17   1  0.058  0.133 
  71 S  10  79  56  96 115  15   0 -0.278 -0.320 
  72 S  58   9  95  57  11  17   0 -0.230 -0.368 
  73 F  59  10  99  58  63  15   0 -0.262 -0.463 
  74 E  11   9 108  57  70  17   1 -0.275 -0.285 
  75 V  63  14  13 117  98  15   0 -0.266 -0.200 
  76 R 111  83  70 109  64  14   1  0.319  0.196 
  77 T  43  16  12  84  71  16   2  0.527  0.613 
  78 W 111 120 102  35  55  17   2  0.433  0.913 
  79 D 102  18   1 112  86  13   2  0.806  0.865 
  80 P   3  51  76  46  74  13   1  0.662  0.737 
  81 E  38  52 104   4 114  14   2  0.782  0.575 
  82 G  94  58 115 107  39  13   0 -0.264 -0.192 
  83 V  59 115 106  60  96  12   0 -0.337 -0.425 
  84 I   7 107  96  97  60  13   0 -0.406 -0.490 
  85 F  97   8 108 117  99  13   0 -0.458 -0.335 
  86 Y  99  13 109 108 101  14   0 -0.434 -0.321 
  87 G  12  63  53 101  83  11   1  0.068  0.147 
  88 D  83 112 119 111 120  11   2  0.847  0.594 
  89 T 120 119  16  83  84  11   2  1.077  0.838 
  90 N  35 120  86  17  84   9   2  1.099  0.938 
  91 P  18  85  76  86  46   4   2  1.252  1.055 
  92 K  74  33  48  35  18   2   2  0.824  0.773 
  93 D   3  51  48  68  76   8   1  0.680  0.440 
  94 D   3 115   7  76  68   7   1  0.159 -0.042 
  95 W   8  68  94  38 106  12   1 -0.274 -0.001 
  96 F  59 108  96  60  79  14   0 -0.257 -0.346 
  97 M   9  23 108  96  97  13   0 -0.516 -0.479 
  98 L  12  99  98 107 100  15   0 -0.566 -0.485 
  99 G 109  28  13 101 100  15   0 -0.380 -0.234 
 100 L 101  63  14  84  13  12   1  0.171  0.133 
 101 R 102 111  83  88 112  14   1  0.723  0.644 
 102 D 103  31 112 120 119  15   2  1.110  0.764 
 103 G 113 104  75  91 114  12   2  1.284  0.733 
 104 R 114 105  33  76  58  19   1  0.581  0.276 
 105 P   7  56  51   8 106  16   0 -0.144  0.143 
 106 E   8  97  96 108  57  18   0 -0.358 -0.312 
 107 I  97  98  58  99  12  16   0 -0.413 -0.428 
 108 Q  28 108  80   9  11  13   0 -0.589 -0.448 
 109 L  43  12  63  13 101  13   1 -0.262 -0.073 
 110 H  83 118 102 111 120  14   2  0.652  0.564 
 111 N  84 102 103 112  16  14   2  1.205  0.985 
 112 H  85 103  57 120 111  14   2  1.166  0.851 
 113 W  85  33 114 120 104   9   2  1.168  0.856 
 114 A  33  51   7  93 114  15   1  0.375  0.644 
 115 Q   7  94 106   8  38  19   0 -0.233  0.003 
 116 L 107   8  96 115  51  16   0 -0.362 -0.082 
 117 T  97 115  58 108   8  16   0 -0.358 -0.317 
 118 V  98 107 117  35  12  14   0 -0.342 -0.209 
 119 G  57 108  14 117  82  13   0 -0.107 -0.139 
 120 A  14  58  15  98   1  13   1  0.215  0.127 
 121 G  53  57  98  15  75  12   1  0.485  0.339 
 122 P  53  16  75 119  52  11   2  0.815  0.804 
 123 R  54  16 101 116  71  12   1  0.278  0.414 
 124 L  35 102  55  17  88  15   2  0.465  1.020 
 125 D  47 102  46  18 103  17   2  1.101  0.904 
 126 D  65  48 119  15  74   9   2  0.996  0.693 
 127 G  20  66  46 104  75  13   2  0.808  0.637 
 128 R  67  21 105  33  38  14   1  0.137  0.117 
 129 W  40 106   7  68   8  14   0 -0.376 -0.235 
 130 H  96  52   8  79  97  15   1 -0.164 -0.131 
 131 Q  58  97   9  95  94  15   0 -0.297 -0.261 
 132 V  10  98  80   8  59  15   0 -0.549 -0.541 
 133 E 108   9  97  23  60  15   0 -0.580 -0.520 
 134 V  98  12  82  14  61  16   0 -0.354 -0.327 
 135 K 101 111 118  12 109  15   0 -0.136  0.069 
 136 M 101 102  16  12  63  15   1  0.040  0.265 
 137 E 102 103 111  83 112  14   2  0.938  0.731 
 138 G  46 103 119  53  84  13   2  1.111  0.849 
 139 D  33 114 113  75  47  17   2  1.298  0.838 
 140 S   7 114  76  94  48  18   1  0.635  0.344 
 141 V   8 115  59 107  51  16   0 -0.339 -0.093 
 142 L  96  97   9   7  60  16   0 -0.448 -0.493 
 143 L 107  98  61  96  99  10   0 -0.521 -0.584 
 144 E 108  12   9  13  99  14   0 -0.573 -0.407 
 145 V  63  99  98  10  13  12   0 -0.519 -0.502 
 146 D  83  57  64 103 118  12   1  0.674  0.493 
 147 G  65  15  14  37 103  12   2  0.877  0.645 
 148 E  75 114  85 104 113  11   2  1.562  1.010 
 149 E 114 105   7 116  76   8   1  0.393  0.106 
 150 V  51 106   8 107  56  10   0 -0.239  0.032 
 151 L  96  56 107  70  79   7   1 -0.012 -0.164 
 152 R  61  58  97  96  42  10   0 -0.273 -0.368 
 153 L  99   5  80  69  61  12   1 -0.040 -0.235 
 154 R  53  70  99 109  11   6   1 -0.087 -0.135 
 155 Q  98   5  71 116 117   4   1  0.179  0.031 
 156 V  72  55   1 103  85   5   2  0.955  1.251 
 157 S  85  12  71 118 103   5   1  0.900  0.813 
 158 G  56  65  86 118  58   4   1  0.562  0.462 
 159 P  75  85   6  57 114   4   2  1.033  0.673 
 160 L  58   1 120  76 115   5   1  0.439  0.235 
 161 T  76  86  87  88   5   5   2  1.083  1.120 
 162 S 117 107   2  70  96   9   1  0.008 -0.072 
 163 K  71  54  34 117  48   2   2  0.673  0.349 
 164 R 117  35   3   6  79   4   1  0.296  0.162 
 165 H  89 102  90 120 118   5   2  0.714  0.822 
 166 P  79  48 103  74  65   9   2  1.017  0.720 
 167 I  57  93  85  91  76  11   2  0.975  0.649 
 168 M  93  58  96  77 115  12   1  0.111  0.055 
 169 R 106   9  58  95  59  11   0 -0.168 -0.373 
 170 I 107  98  59   8  96  11   0 -0.444 -0.505 
 171 A  11  60   9  10  99  11   0 -0.681 -0.681 
 172 L  99  98  10  56  11  12   0 -0.522 -0.534 
 173 G  57  99  12  11  53  14   1 -0.251 -0.168 
 174 G  58  53  99  16  10  10   1  0.099  0.058 
 175 L  55   1  14  83  59  10   1  0.172  0.606 
 176 L  82  16  55   7  84   5   1  0.444  0.820 
 177 F 120  55  83  57  61   7   1  0.260  0.573 
 178 P  82 117  84   1   2   6   1  0.438  0.368 
 179 A 120  85  53  46   3   5   2  1.115  0.727 
 180 S  86  47  85  90  76   6   2  1.482  1.092 
 181 N  76  71  85  86  54   7   2  1.155  0.993 
 182 L  93  79  56   5   1   5   1  0.467  0.428 
 183 R  76  56   7  85  95   7   1  0.681  0.355 
 184 L 107 115  70  76  79   9   1  0.104 -0.068 
 185 P  54 116 117  46  48   9   1  0.514  0.245 
 186 L 117  55  14  72  56   8   1  0.056  0.509 
 187 V   3  48  71  53   5  10   2  1.020  0.480 
 188 P  52  15 119 112  74   9   2  0.825  0.743 
 189 A  53 120  48  93   2   9   2  0.901  0.654 
 190 L  76   3  65  14 115   6   1  0.391  0.118 
 191 D 115  20  90  40  93   8   1  0.150  0.215 
 192 G  96 107  99  74  61  14   0 -0.236 -0.202 
 193 C  58  55  48  79 117  11   1  0.351  0.512 
 194 L  14  82  55  65  99  12   1 -0.016  0.348 
 195 R  57  14  20  15  88  13   1  0.489  0.402 
 196 R  53  58  52  48   5  12   2  0.919  0.405 
 197 D  59  28  80   3  55  10   0 -0.101  0.240 
 198 S  43  38 116 120  16   9   2  0.500  0.461 
 199 W  56  43 117  44  30   8   1  0.216  0.204 
 200 L  35  31  83   3  82  11   1  0.549  0.275 
 201 D  53 120  32 112  15  11   2  0.986  0.695 
 202 K  75   1  32  33  76   6   2  0.774  0.669 
 203 Q   7  50  34  54  93   3   1  0.341  0.338 
 204 A  51   3 120  55   8   7   1  0.263  0.829 
 205 E  43  71  75  58 117   7   1  0.443  0.338 
 206 I  55  56  35  42  82   6   1 -0.023  0.458 
 207 S  34  55  80  57  58   4   1  0.064  0.318 
 208 A  53 112  76  15  57   8   2  0.766  0.476 
 209 S  57  83  53 120 117   5   1  0.502  0.347 
 210 A  58  75   1 120 105   3   1  0.659  0.420 
 211 P  71 117  53 115  87   2   1  0.218  0.548 
 212 T 117  35  88  87  46   4   1  0.480  0.796 
 213 S 117  97  53   5  36   6   1  0.326  0.288 
 214 L   5  14  53 104  86   2   2  0.893  0.738 
 215 R  96  31  58  90  57   3   1  0.342  0.080 
 216 S  58  98  74  32  56   6   1  0.286  0.239 
 217 C 117  80 107  93  50   6   1 -0.160 -0.023 
 218 D  58 115  97  16 118   9   1  0.111  0.153 
 219 V 117  61  55 107  12   3   0 -0.440  0.151 
 220 E  71  53  56 118 117   7   1  0.281  0.346 
 221 S  58 117  57  53  55   8   1  0.108  0.511 
 222 N 117  58  14 112  85  11   1  0.738  0.435 
 223 P  53  58 117 119  76   8   1  0.506  0.289 
 224 G   3  58 104  53  80   7   1  0.422  0.164 
 225 I  79  86  59  58 105   8   1  0.376  0.195 
 226 F 117 116  50  54  43   9   1  0.097  0.164 
 227 L 117  56 107  80  34   2   0 -0.090 -0.226 
 228 P   3  34 117 102 108   3   1  0.280  0.077 
 229 P 112 102  53 103 118   8   2  0.890  0.750 
 230 G 103  20 120  85 104   6   2  1.355  0.969 
 231 T   3  54  16  58  86  11   1  0.790  0.683 
 232 Q  17  55 106 114  38   8   1  0.343  0.743 
 233 A  56  52  97  79  18  10   1  0.195  0.206 
 234 E   8  53  10  95  50  13   1 -0.138 -0.087 
 235 F  10  97  98   8  12  15   0 -0.648 -0.494 
 236 N  57  97  10   9  58  12   0 -0.363 -0.484 
 237 L  98  10   9  99  58  15   0 -0.508 -0.609 
 238 R  11  99  52  10  12  11   0 -0.449 -0.353 
 239 D  16  53   1  98  71  13   2  0.305  0.497 
 240 I  72  55  82 109   1   8   1  0.013  0.464 
 241 P  12 118  83  71 116   7   1  0.187  0.227 
 242 Q  82  35  12  84  63   5   1  0.255  0.183 
 243 P  71  16  85  75 118   9   2  1.099  1.029 
 244 H 120  55  17  16  72  10   2  0.634  1.047 
 245 A  17  87  85  54  46   5   2  1.013  1.104 
 246 E  72   1 117   2  86   5   2  0.477  0.594 
 247 P  86  34  54   3  87  10   2  0.844  0.870 
 248 W  52  79   3  47  93  12   2  0.690  0.509 
 249 A  48  76  34  95   5  12   2  1.007  0.286 
 250 F  79   6   3  72 106  15   1  0.292  0.055 
 251 S   9  95  97  60  53  17   1 -0.245 -0.288 
 252 L  10  79  98 115  99  14   0 -0.503 -0.488 
 253 D   9  11  58  60  10  17   0 -0.507 -0.597 
 254 L  99  10  59  57  98  15   0 -0.428 -0.541 
 255 G  11 108   9  97  58  16   0 -0.434 -0.453 
 256 L  63  82  43 117  99  14   1 -0.128 -0.171 
 257 K  83 111  70  12  57  16   1  0.239  0.209 
 258 Q  16  43  65 119  84  17   2  0.832  0.723 
 259 A 111 102  83 101 120  15   1  0.506  0.439 
 260 A 102 112  86  18 120  12   2  0.996  0.882 
 261 G   3  51  76 104 103   9   1  0.961  0.820 
 262 S  38 104  33   4 114  12   2  0.760  0.587 
 263 G 115  94  39  78 105  14   1 -0.091 -0.039 
 264 H  33  96  59 115   8  12   0 -0.227 -0.199 
 265 L   7   8 107  97  96  12   0 -0.415 -0.417 
 266 L  97   8 108  80  60  14   0 -0.534 -0.423 
 267 A  99 109  11  58  97  12   0 -0.369 -0.458 
 268 L  12  98  63  99 101  11   0 -0.480 -0.345 
 269 G 111  83  43  13  63  13   1  0.184  0.205 
 270 T 120  83 112 101  14  12   1  0.575  0.371 
 271 P  84 112 111  89 102   9   2  0.828  0.895 
 272 E 120  85  76  45  86   9   2  1.386  1.023 
 273 N   1   2  86  34 104   4   2  0.754  0.726 
 274 P   3  51 114  76 105  11   1  0.643  0.500 
 275 S  38   7   4  48 115   9   1  0.522  0.196 
 276 W  94   8  97  76  39  14   1 -0.116  0.007 
 277 L  59 108  79 107  68  16   0 -0.295 -0.323 
 278 S   9  97  96  23 108  15   0 -0.516 -0.479 
 279 L  99  98  12 100 107  17   0 -0.566 -0.485 
 280 H 109  28  13 100 108  15   0 -0.405 -0.269 
 281 L 101  63  84  67 110  13   1  0.197  0.073 
 282 Q 102  57 111  83  64  14   1  0.377  0.305 
 283 D 103  53  15  46 119  15   2  1.001  0.792 
 284 Q 113  75  57  53 114  14   2  1.027  0.625 
 285 K 114  76 105  33   7  17   1  0.489  0.279 
 286 V   7  56   8 106  51  15   0 -0.144  0.143 
 287 V  97   9 108  96   8  18   0 -0.524 -0.437 
 288 L  97  98   8  61 117  14   0 -0.499 -0.393 
 289 S 108  28 118  13   9  14   0 -0.341 -0.177 
 290 S  63  13  14 101  82  14   0 -0.160 -0.150 
 291 G  83 118  16 102 101  16   1  0.458  0.562 
 292 S 119 102  84 112  15  16   2  1.016  0.708 
 293 G  85 103 104 120  54  13   2  1.383  1.041 
 294 P  33  86  76 105  17  16   2  0.756  0.663 
 295 G  51 106 114  76  33  15   1  0.453  0.546 
 296 L  33 107  56   8  97  13   0 -0.255 -0.191 
 297 D 115  97 107  53  95  10   1 -0.203 -0.236 
 298 L   8 107  80  56 115  13   0 -0.436 -0.366 
 299 P  12 108  13  98 117  10   0 -0.472 -0.274 
 300 L  35 117 101  82  14  11   1 -0.002  0.036 
 301 V 102 117  13  83 111  12   1  0.229  0.268 
 302 L  15 103  16  53  65  13   2  1.031  0.905 
 303 G  20 104  75   3   1  15   1  0.739  0.542 
 304 L  33 114 105  38  67  15   2  0.386  0.285 
 305 P   7 106  68  50  40  19   0 -0.249 -0.132 
 306 L  96  79   3  52  59  16   1  0.194 -0.058 
 307 Q  97   9  58  95  94  15   0 -0.297 -0.261 
 308 L  10  59   6  80  79  15   0 -0.205 -0.323 
 309 K   9 108  60  81  23  15   0 -0.573 -0.489 
 310 L  98  61  82 100 109  14   0 -0.394 -0.437 
 311 S 101  13 118  83 100  17   1  0.040  0.110 
 312 M  14  63 101  26 103  16   1  0.189  0.163 
 313 S 103  75 102  53  83  15   2  1.050  0.837 
 314 R  53 114  75 120 113  11   2  1.261  0.787 
 315 V 114 106 113  17  92   8   2  0.952  0.613 
 316 V   7  96  71  76 114  11   1  0.431  0.209 
 317 L   8  96 115 107  51  15   0 -0.362 -0.082 
 318 S  71  70  96  61  81  15   1 -0.035 -0.087 
 319 Q 108  98  70  99  13  13   0 -0.297 -0.291 
 320 G   5 102  57  46  53  12   2  0.626  0.429 
 321 S 103  99  98   6  63  10   1  0.177  0.031 
 322 K  58 120  71  57  83  13   1  0.571  0.303 
 323 M 107  72  99  63  82  14   1 -0.168 -0.326 
 324 K  58   9   7 115  95  12   0 -0.228 -0.341 
 325 A  56  96  98 107  60  14   0 -0.391 -0.482 
 326 L  57  11  97  55  80  10   0 -0.396  0.120 
 327 A  58  98  82  10  71   8   0 -0.139 -0.293 
 328 L  12 117  82  55  83   4   1 -0.030  0.444 
 329 P  65  99  13  61  17   7   1 -0.006 -0.048 
 330 P  12  65  61  71 102   6   1  0.068  0.141 
 331 L  85  17  66   5  38   7   2  1.155  0.810 
 332 G   1 120  43   2  85   2   2  0.895  0.778 
 333 L  76  71   6  47   3   5   2  0.862  0.463 
 334 A  48  77  46  53  79   2   2  0.712  0.414 
 335 P   6  58  56   5   3   6   1  0.612  0.129 
 336 L  55  59  87   1 115   7   1  0.013  0.789 
 337 L  57 115  60  97  79   8   0 -0.305 -0.314 
 338 N  60  58  97  98  61  10   0 -0.392 -0.495 
 339 L 107 117  70  45  93   9   1  0.254  0.207 
 340 W  12  81  54 117  46  13   1 -0.034  0.106 
 341 A 117  43 101  47  88  10   1  0.444  0.452 
 342 K 102  48 120  89  85  11   2  1.274  1.028 
 343 P  31  14 103   5  76  11   2  1.019  0.617 
 344 Q   5  57  93  76  77   9   2  0.691  0.438 
 345 G  58  79  78 105  33  13   1  0.258  0.046 
 346 R 106   7 115  95   9  12   0 -0.346 -0.351 
 347 L   8 107  96 115  98  11   0 -0.531 -0.485 
 348 F  97 108   9  11  99   9   0 -0.608 -0.536 
 349 L  99  98  10 108 117  10   0 -0.536 -0.485 
 350 G  57  12  99  98 108  12   0 -0.469 -0.367 
 351 A  58  16  13  53  99   9   1  0.183  0.188 
 352 L  14  63  55  83 112  12   1  0.328  0.667 
 353 P 120  50   7  84  63   4   1  0.517  0.331 
 354 G 120  55  85  14  74   6   1  0.831  1.202 
 355 E   1  86  75 119 102   5   2  0.840  0.861 
 356 D 120   3  86  55  51   5   1  0.660  1.202 
 357 S  76  38  35  90 116   8   2  0.513  0.331 
 358 S  48 120  53 107   3   7   1  0.750  0.234 
 359 T  93  40  34  48   3   5   1  0.658  0.249 
 360 S  93  16  96  34  53   8   2  0.513  0.504 
 361 F 107  57  35  12  99  11   1 -0.278 -0.216 
 362 C  58 117  11  10  48   9   0  0.086 -0.236 
 363 L  14  98  56  97   8  11   0 -0.317 -0.262 
 364 N  52  97  20  57  75  12   1  0.336  0.226 
 365 G  53  58  97  98  99  12   0 -0.161 -0.257 
 366 L  59  12  80  98  88  10   0 -0.230 -0.157 
 367 W 116  38  54 120  43   9   2  0.424  0.325 
 368 A  56  63  35  61  14  14   1 -0.020 -0.006 
 369 Q  52   5 118  31  15  14   2  0.805  0.579 
 370 G  53 112  15 120  65  12   2  0.916  0.617 
 371 Q  75  33 114  55  54  11   2  0.605  1.008 
 372 R   7  54 116  51  34  11   1  0.234  0.319 
 373 L  35   8  51  55  56  12   1 -0.028  0.794 
 374 D 120 116  64  58  36  14   1  0.355  0.187 
 375 V  55  14  65  51  37  13   1  0.254  0.927 
 376 D  20  57  75  88  83  12   1  0.697  0.546 
 377 Q  53  58  21 120  67  11   1  0.387  0.180 
 378 A  80  54  40  87  58  12   1  0.093  0.316 
 379 L  16  28  98  43  69  11   1  0.007  0.120 
 380 N  43  55  44  29  61   7   1  0.000  0.498 
 381 R  43  30  45  72 101   9   2  0.364  0.333 
 382 S  46  31  74  89   5  11   2  0.800  0.928 
 383 H  53  57  75  32  70   6   2  0.706  0.514 
 384 E  76  48  58 120  20   9   1  0.933  0.339 
 385 I  35  80   8 115  87   9   1 -0.110  0.282 
 386 W  97  58  60 116  34   8   1 -0.022 -0.307 
 387 T  51  56  52  96  61  10   1 -0.010  0.183 
 388 H  57  53  52  11  75   9   1  0.348  0.292 
 389 S  58  53  98  63  96   7   1 -0.029 -0.156 
 390 C  57  58  98   3  11  10   0 -0.049 -0.287 
 391 P  98 116  58 115  75   9   1  0.061 -0.104 
 392 Q 117 120  57 108  61   2   1 -0.000 -0.053 
 393 S 999 999 999 999 999 999 999 -9.999 -9.999 
 394 P 999 999 999 999 999 999 999 -9.999 -9.999 
 395 G 999 999 999 999 999 999 999 -9.999 -9.999 
 396 N 999 999 999 999 999 999 999 -9.999 -9.999 
 397 G 999 999 999 999 999 999 999 -9.999 -9.999 
 398 T 999 999 999 999 999 999 999 -9.999 -9.999 
 399 D 999 999 999 999 999 999 999 -9.999 -9.999 
 400 A 999 999 999 999 999 999 999 -9.999 -9.999 
 401 S 999 999 999 999 999 999 999 -9.999 -9.999 
 402 H 999 999 999 999 999 999 999 -9.999 -9.999 
