   1 M 999 999 999 999 999 999 999 -9.999 -9.999 
   2 D 999 999 999 999 999 999 999 -9.999 -9.999 
   3 S 999 999 999 999 999 999 999 -9.999 -9.999 
   4 R 999 999 999 999 999 999 999 -9.999 -9.999 
   5 W 999 999 999 999 999 999 999 -9.999 -9.999 
   6 K 999 999 999 999 999 999 999 -9.999 -9.999 
   7 L 999 999 999 999 999 999 999 -9.999 -9.999 
   8 P 999 999 999 999 999 999 999 -9.999 -9.999 
   9 F 999 999 999 999 999 999 999 -9.999 -9.999 
  10 M 999 999 999 999 999 999 999 -9.999 -9.999 
  11 S  13  14  69  63 118  12   1 -0.019  0.007 
  12 N  53  70  14 118 102   8   2  0.430  0.409 
  13 K   5 119 103  75  16   6   2  1.275  0.989 
  14 G  17  32  85 120  54   3   2  1.173  0.902 
  15 T  17  33  18  49  87   7   2  0.652  0.979 
  16 P  36   3   2  18  50   8   1  0.486  0.527 
  17 E   3  19  57  75   8   6   1  0.375  0.239 
  18 Q  58  20  76  59  79   6   1  0.334  0.020 
  19 P  98   6  59  60 106   6   0 -0.246 -0.367 
  20 M 117  60  43  96  40   9   0 -0.250 -0.215 
  21 R  61  97  53 117  89   9   1 -0.005  0.268 
  22 K  53  61  44  70   6   7   1  0.295  0.150 
  23 P 102  84  53   5 117   5   2  0.805  0.557 
  24 L  82 103 117 112  56   2   1  0.588  0.334 
  25 S  57  89 104  90 103   4   2  0.877  0.891 
  26 G  58  79  53   5   6   3   1  0.565  0.252 
  27 S   6  79  58  95  53   2   1  0.283  0.087 
  28 Y 115 117  56   6 106   5   0 -0.098 -0.102 
  29 S  70  61  69  88   8   8   1  0.062  0.063 
  30 H  43 117   5  61  45   3   1  0.388  0.205 
  31 N  53 102  83   5   6   8   2  0.758  0.493 
  32 S  53   6  75 103  73   6   2  1.061  0.830 
  33 A  58 115 113 106  73   4   1  0.531  0.210 
  34 G   1  56  52  87  75   5   2  0.572  0.807 
  35 P  58  79   8  34 115   3   1  0.007 -0.132 
  36 T 118  56  97   6   3   6   1  0.232  0.053 
  37 P  57 107 115  55  56   6   0 -0.254  0.207 
  38 N  58  16  60  11 117   4   0 -0.036 -0.024 
  39 M 117  98  99  57 108   6   0 -0.374 -0.336 
  40 S  58  57  98  11   3   5   0 -0.049 -0.287 
  41 P  58  65 117   1  98   3   1  0.056  0.015 
  42 F  20  58  52 117  97   6   1  0.092 -0.001 
  43 E  75  58 116  44 120   6   1  0.625  0.278 
  44 Q  43  82  55  45  53   2   1  0.321  0.710 
  45 K 117  75  73  72  54   6   2  0.646  0.545 
  46 P  58  65   6   3  73   2   1  0.625  0.255 
  47 P  74  57 115   3  53   6   1  0.325  0.302 
  48 L  58 117  20   6  79   6   1  0.195  0.044 
  49 P  58  57  52  94  87   6   1  0.196  0.490 
  50 T  57  58  75  53  60  10   1  0.353  0.149 
  51 H  58  53  61  97  71  11   1  0.071  0.004 
  52 M  98  58  59   6  82   8   0 -0.017 -0.302 
  53 D  11  96  57  56  61   4   0 -0.266 -0.323 
  54 V  61  12  71  58 100   8   0 -0.147 -0.115 
  55 R  12  43  75  13  71   8   1  0.208  0.301 
  56 R 120  17  72  53  88   5   2  0.792  0.667 
  57 P   3 103  73  82  87   4   1  0.897  0.800 
  58 S 103  19  57  85  90   4   2  1.112  0.826 
  59 G  20  77 113  75  79   2   1  0.886  0.534 
  60 P  58  79   6   5  76   7   1  0.643  0.212 
  61 F   8  59 107   6 115  11   0 -0.295 -0.340 
  62 R  97   9  96  60  57  11   0 -0.419 -0.482 
  63 I  61 117  99  98 107  15   0 -0.511 -0.510 
  64 V  11  12 108 100  70  14   0 -0.309 -0.200 
  65 K  53  16 109 117  62  11   1  0.085  0.207 
  66 A  63  55 102 119  61  11   1  0.054  0.527 
  67 T  73  72 111  64  37   8   2  0.541  0.454 
  68 S  38  85  55 120 112   9   2  0.946  1.120 
  69 T  75  20 104  86  76   7   2  1.015  0.817 
  70 E   3  76  67  40  37  13   1  0.390  0.152 
  71 D  38   6  87   3  80  10   1  0.336  0.403 
  72 A  81  95  21  39  77  11   1 -0.024 -0.085 
  73 L  68  10  40  96  61  14   0 -0.491 -0.462 
  74 T  97  25  11  63  10  13   0 -0.530 -0.437 
  75 N  53  10   9  58  25  13   0 -0.232 -0.244 
  76 C  10  98   6  58  26  13   0 -0.266 -0.399 
  77 I  11 109  99  98  53  13   0 -0.345 -0.318 
  78 I  98  16  11  71  62   9   1 -0.102  0.046 
  79 V  82  72  63  43  13  12   1  0.036 -0.036 
  80 S  73  64  70 118   2  12   2  0.529  0.461 
  81 P 112  65  71  14  15  11   2  0.668  0.481 
  82 M  75  20  83  66 103  11   2  1.065  0.788 
  83 D  16   1  21  67 120   7   2  0.425  0.467 
  84 F   3  87  86  76  18  12   2  0.960  1.014 
  85 K  90  85  56  75  34  11   2  1.120  0.696 
  86 Q  39  74  19  76  86  11   2  0.692  0.757 
  87 Q  40   6  79  59  58  13   0  0.021 -0.156 
  88 Y   6  96 106  98 107  11   0 -0.283 -0.378 
  89 I 107  96  82  35  61   8   0 -0.191 -0.288 
  90 I 101  81  61  45 117  10   0 -0.114 -0.068 
  91 V  35 102  10  82  46  13   1  0.136  0.076 
  92 D 103 102 119 104  57  14   2  0.811  0.630 
  93 N  76 113  58  52  53  16   2  0.899  0.470 
  94 S 114  57  33  59  98  15   1  0.115 -0.019 
  95 R   7  60 115  96 106  13   0 -0.342 -0.366 
  96 V  97   8  56  10  98  16   0 -0.496 -0.451 
  97 F  99 108  97  10  11  14   0 -0.604 -0.560 
  98 S  58  61  97 109  11  14   0 -0.367 -0.441 
  99 T  98 109  99  12  63  16   0 -0.495 -0.413 
 100 K  12  88 102 111  46   9   1  0.322  0.469 
 101 P  14 120  45 119  13   9   1  0.519  0.359 
 102 V  15 102 119  85  48  12   2  1.298  0.811 
 103 P  75  86 113 119  76   8   2  1.326  0.923 
 104 G  38  76  90  32  58  11   2  0.715  0.393 
 105 F  86  76   1  33  87  14   2  0.736  1.024 
 106 P  93   3  77 106   7  10   1  0.280  0.185 
 107 Q  74  96  56  65  38  11   1  0.312  0.308 
 108 G  59  10  97 107  11  17   0 -0.546 -0.628 
 109 C  58  60   9  53  11  15   0 -0.223 -0.294 
 110 L  99  10  63  56  82  12   0 -0.280 -0.399 
 111 G   9  53 108  11  57  12   1 -0.272 -0.209 
 112 A  61  58  99  65  10   8   0 -0.194 -0.366 
 113 S  20 109  83  10  16  11   1  0.189  0.165 
 114 Q  63 120 110   1  84   9   1  0.542  0.353 
 115 P  83  87  12  64  54  11   1  0.333  0.591 
 116 H  53   1  85 120  28  10   2  0.798  0.690 
 117 R  84  46  69   1  68   7   2  0.429  0.360 
 118 E  53  42  48  70  85   9   2  0.990  0.581 
 119 W  46   1  76  28  85   5   2  0.761  0.614 
 120 A  96  72  79   6  70   5   1  0.260  0.057 
 121 S  43  71  48  54  28   8   2  0.517  0.362 
 122 W  35  72   5  29  93   3   2  0.588  0.505 
 123 S  16  81  71   2  34   9   2  0.424  0.441 
 124 L  72  63 117  82  55   7   1 -0.017  0.385 
 125 N  20  89  57 118 104   8   1  0.454  0.635 
 126 Q  52  15  65  33 105  16   2  0.538  0.422 
 127 Q  75  50 106  91  20  11   1  0.505  0.325 
 128 V  67  21  63 107   6  17   1 -0.119 -0.205 
 129 H  40  64  57  34  60  11   1 -0.027 -0.180 
 130 V  56  65  53  82  48  12   1  0.622  0.229 
 131 A  57  11  20  66  68  14   1  0.027  0.007 
 132 D  58  53  98  21  10  13   1 -0.151 -0.254 
 133 Y  59  40  80  68  22  14   0 -0.405 -0.311 
 134 D  16  44 116  60  11  12   1 -0.013 -0.004 
 135 P  12  44  82 117  61   8   0 -0.185 -0.183 
 136 Y  43  72  30  82   3   8   1  0.404  0.165 
 137 G  14  73  31  46  68   5   2  0.403  0.357 
 138 P  65  88  44  66  20   3   2  0.603  0.495 
 139 H  45  38  53  48 120  14   2  0.973  0.563 
 140 G  67  40  54  72  39  14   1  0.100  0.102 
 141 A  68 115  51  86  47  13   1  0.466  0.696 
 142 P   7  42 107  77  44  11   1 -0.048 -0.108 
 143 Y  71  38  48   8   5  14   2  0.685  0.348 
 144 L  72  46  55  68  88  15   1  0.270  0.764 
 145 H  73  47  44  96  88  14   1  0.745  0.549 
 146 S  25   5  48  44  27  12   1  0.536  0.192 
 147 M  23  41  52  57  42  12   1 -0.216 -0.147 
 148 T  53  26  41  81  16  13   1 -0.009  0.150 
 149 L  82  26  45  11  27  13   0 -0.145 -0.191 
 150 E  24  36  41  64  23  11   0 -0.233 -0.098 
 151 V  23  69  26  41  24  14   0 -0.428 -0.377 
 152 D  25  20  24  27  41  13   0 -0.323 -0.174 
 153 F  24  25  27  67  21  12   0 -0.325 -0.194 
 154 Q  23  68  41  42  87  13   1 -0.228  0.131 
 155 N  42  25  41  70  47  12   1  0.163  0.129 
 156 R  74   5  53  42  25  13   1  0.383  0.449 
 157 N  42   6  75   5  31  13   1  0.681  0.411 
 158 R  69  28  70 115  47  13   1  0.259  0.116 
 159 T  70  56  87   5  44  14   2  0.659  0.605 
 160 T  71  72  36  42  43  14   1  0.204  0.332 
 161 N  72  82  35  55   6  18   1  0.210  0.575 
 162 E  73  70  36 115  55  11   1  0.222  0.754 
 163 P  16  19  47  48  73  13   2  1.130  0.841 
 164 F  82  45  66  38  20  14   1  0.494  0.312 
 165 D  20  21  67  64  24   9   1 -0.022 -0.067 
 166 G  68  40  65  73  23  13   1  0.036  0.054 
 167 E  75  23  41  20  27  16   1  0.033  0.028 
 168 E  24  41  27  25  42  16   0 -0.483 -0.268 
 169 M  24  40  23  27  26  14   0 -0.522 -0.374 
 170 A  42  24  23  25  41  14   0 -0.497 -0.309 
 171 K  41  27  25  23  68  14   0 -0.480 -0.280 
 172 L  25  24  42  27  41  14   0 -0.483 -0.268 
 173 F  24  25  23  42  27  16   0 -0.483 -0.280 
 174 C  23  41  26  40  70  15   0 -0.318 -0.271 
 175 S  27  25  47  68  41  16   1 -0.039  0.026 
 176 S  25  27  24  26  44  16   0 -0.313 -0.191 
 177 Y  26  24  25  23  45  15   0 -0.217 -0.140 
 178 Q  41  23  24  26  27  16   0 -0.523 -0.393 
 179 S  41  25  27  26  69  14   0 -0.410 -0.274 
 180 Q  25  27  24  41  23  14   0 -0.510 -0.319 
 181 V  42  24  27  23  25  14   0 -0.483 -0.280 
 182 F  41  69  42  26  25  16   0 -0.397 -0.263 
 183 S  44  27  26  41  25  14   0 -0.325 -0.196 
 184 P  45  27  25  24  72  15   1  0.001  0.037 
 185 G  24  25  41  23  42  15   0 -0.497 -0.309 
 186 Q  25  26  42  41  47  14   0 -0.065 -0.014 
 187 K  44  27  24  66  26  14   1 -0.064 -0.047 
 188 I  24  42  45  23  27  14   0 -0.195 -0.133 
 189 V  28  42  69  81  41  12   0 -0.373 -0.269 
 190 F  44  29  70  42  69  13   1  0.141  0.060 
 191 D  45  30  71   5  44  19   2  0.754  0.515 
 192 F  46  72  31  82  45  16   2  0.539  0.313 
 193 R  47  73  32  57  48  11   2  1.081  0.612 
 194 S  19  53   4  47  73  14   2  0.955  0.758 
 195 Y   6 115  75  54  93  14   1  0.443  0.457 
 196 N  81 107  38   6 115  13   1 -0.184 -0.197 
 197 I  82  55  68  87  88  13   1  0.201  0.931 
 198 K  27   9  89  20  81  13   1 -0.163  0.132 
 199 A  25  27  26  40   6  13   0 -0.333 -0.189 
 200 T  41   5  42  25  27  13   0 -0.096 -0.070 
 201 V  25  27  26  41  24  13   0 -0.507 -0.314 
 202 R  25  24  27  26  45  12   0 -0.203 -0.100 
 203 T  24  25  42  23  26  13   0 -0.494 -0.315 
 204 I  25  41  26  57  69  14   0 -0.313 -0.245 
 205 S  42  41  44  25  27  14   0 -0.301 -0.150 
 206 C  71  24  25  26  42  12   0 -0.291 -0.107 
 207 V  72  87  24  42  88  14   1  0.228  0.516 
 208 D  47  73  42  70  44  11   2  0.657  0.444 
 209 L   5  19  45  47  44  13   2  0.955  0.602 
 210 L  53  72  20   6  66  10   2  0.527  0.390 
 211 I  86  67  55  42  46   8   1  0.274  0.827 
 212 G  69  44  87  92  47  14   2  0.765  0.799 
 213 E  70  47  36  33   4  12   2  0.803  0.663 
 214 N  71   5  42  41  16  10   1  0.368  0.372 
 215 Q   6  72  17  20 107   8   1  0.294  0.132 
 216 D  47   2  60  73  42  13   1  0.436  0.337 
 217 A  19  61  71  56  47  12   1  0.397  0.320 
 218 E  20  57  72  66  47   9   2  0.660  0.420 
 219 N  46  26  67  71  20   7   1  0.187  0.175 
 220 T  72  40   6  18  22  12   1  0.141  0.193 
 221 A  24  25  47  20   5  11   1  0.504  0.294 
 222 D  41   6  42 115  27  10   0 -0.323 -0.224 
 223 T  24  25  27  95  81  14   0 -0.377 -0.258 
 224 S   6  98  59  24  42  14   0 -0.266 -0.314 
 225 K  57  60  11  42  89  15   1 -0.212  0.048 
 226 R  69  98  42  99  47  13   1 -0.000 -0.116 
 227 G   6 109  99  80   5  18   1  0.060 -0.152 
 228 L  81 116  69  49  72   8   1  0.068  0.011 
 229 L  72  82 117  47  69   8   1  0.394  0.146 
 230 T   5  47  44  36 118  10   2  0.830  0.628 
 231 S   5  72  82  53  58   5   1  0.576  0.192 
 232 Q  53  20  58  32   6   6   1  0.529  0.322 
 233 T 115  96  60  86 105   8   1  0.059  0.033 
 234 E  82  60  71 106  40  13   0 -0.176 -0.189 
 235 I  61  82  35  72  20  15   1  0.150  0.042 
 236 Q  20  58   6  64 108  12   1  0.158 -0.002 
 237 F  40  53  68  14  42   9   1 -0.120  0.004 
 238 F  44  88  20  87  83  12   2  0.651  0.793 
 239 K  71  21  53  45  89  11   2  0.485  0.685 
 240 A  87  72  24  46   6  11   1  0.337  0.487 
 241 A  47  25  42  27  23  10   0 -0.053  0.011 
 242 H  44  26   5  25  69  10   1  0.169  0.023 
 243 S  42   6  79  72   5  12   1  0.390  0.165 
 244 A   6  60  81  67 115  13   0 -0.232 -0.246 
 245 L  69 115  57  60  70  10   1 -0.098 -0.206 
 246 R  44  70  81  61 108  13   1 -0.094 -0.131 
 247 L  45   6  72  82  98  14   1  0.230  0.011 
 248 K  57  72  53  12  88  13   1  0.261  0.315 
 249 A  47  73  61  69  53  13   1  0.552  0.380 
 250 S  87 118  66  83  73  12   2  0.759  0.914 
 251 M  53   6 120  47  86   8   2  1.045  0.830 
 252 T  47   6  87 115  79  10   1  0.455  0.563 
 253 R   5  47   6  90  76   6   2  1.091  0.578 
 254 P   6  42 115  44   5  10   1  0.256  0.072 
 255 A   6  42  96  87  79  12   1  0.104  0.299 
 256 S  70  69  47  60   6  12   1  0.416  0.134 
 257 N   5  57  61  70  71  11   1  0.395  0.162 
 258 A   6   5  45  79  98  14   1  0.432  0.164 
 259 I  81   6  98  54  45  10   1  0.141  0.087 
 260 L  82 117  57 115  72   9   1 -0.043 -0.130 
 261 Q  57  97  89  14  73   9   1  0.239  0.421 
 262 P   6  82  47  52  79   9   1  0.510  0.276 
 263 G  53  54   6   5  91   9   2  0.791  0.468 
 264 F  79   6  76  17  56  13   1  0.481  0.280 
 265 K  54  34 106 116 117  10   1  0.142  0.022 
 266 F  56  45 117  82  74   8   1  0.332  0.310 
 267 E  57  52 103  46  97  11   1  0.489  0.360 
 268 D  53  58  47  76   6   9   1  0.797  0.424 
 269 M  53   6  59   5 115   8   1  0.358  0.110 
 270 G  60   1   6  96  75   8   1  0.240  0.145 
 271 I  81  55  71   3   8   7   1 -0.006  0.463 
 272 G  72  12  82  35  17   9   1  0.220  0.204 
 273 G  64  36   2  82  83  12   1  0.357  0.311 
 274 L  65  14  37 119  19  10   2  0.477  0.409 
 275 D  20  66  37  75  83  15   2  0.814  0.612 
 276 S  38  21 120  66  67  14   2  0.420  0.284 
 277 E  39  38  68  40  27  18   1 -0.204 -0.090 
 278 F  39  23  68  41  27  19   0 -0.382 -0.268 
 279 S  25  23  27  41  68  16   0 -0.480 -0.280 
 280 A  23  24  25  27  41  15   0 -0.510 -0.319 
 281 I  23  24  41  25  27  16   0 -0.510 -0.319 
 282 F  41  24  25  26  23  17   0 -0.521 -0.355 
 283 R  25  24  27  41  23  16   0 -0.510 -0.319 
 284 R  25  23  24  41  42  15   0 -0.497 -0.309 
 285 A  24  25  23  41  26  14   0 -0.521 -0.355 
 286 F  42  24  25  26  41  14   0 -0.494 -0.304 
 287 A  44  41  25  24  23  13   0 -0.330 -0.225 
 288 S  42  24  25  23  41  11   0 -0.497 -0.309 
 289 R  42  28  69  25  71  14   1 -0.169 -0.017 
 290 L  44  43  69  24  42  13   1 -0.052 -0.050 
 291 F  45  70  43  47  30  16   2  0.788  0.571 
 292 P  46  73   5   6  71  11   2  0.783  0.543 
 293 P  42   5  79   6  46   9   1  0.413  0.218 
 294 G  38  44   6  20   5  14   2  0.591  0.308 
 295 M  39   6  34  47  45  15   2  0.758  0.394 
 296 V  28   5  40  87   6  13   1  0.316  0.434 
 297 E  70  29  44  42  51  13   1  0.174  0.373 
 298 K  71  30   5  45  48  16   2  1.025  0.571 
 299 L  72   6  46  31  45  12   2  0.612  0.411 
 300 G  32  81  70   5  28  12   1  0.420  0.216 
 301 I  49 117  86   5  47  10   2  0.964  0.782 
 302 N   5  34   3  93  54   7   2  0.807  0.459 
 303 H  51  94  76  31   6   7   1  0.334  0.564 
 304 V  76  48  46  56  92  11   2  0.906  0.485 
 305 K  93  97  58  52  57  12   1  0.149  0.108 
 306 G  58  94  79  78   8  14   1 -0.068 -0.036 
 307 I  59 107  80  96  97  11   0 -0.402 -0.519 
 308 L  97   9   8  96 107  14   0 -0.552 -0.531 
 309 L   8  97  56  80 117  14   0 -0.342 -0.253 
 310 Y 108  99  12 109  13  13   0 -0.493 -0.344 
 311 G  63  14 101 112  53  10   1  0.251  0.215 
 312 P  65  83 119 102 112  15   2  0.753  0.521 
 313 P 119  65 112 120  84   5   2  1.052  0.659 
 314 G 120  16  85 112  35   7   2  1.188  0.978 
 315 T  17  18  86  38  76   8   2  0.891  0.827 
 316 G  18   2  39   1  38  18   2  0.380  0.497 
 317 K  68  65  33  51  48  16   2  0.501  0.509 
 318 T  40  68  20   3  66  18   1  0.214  0.098 
 319 L   8  21  40  23  38  16   1 -0.312 -0.186 
 320 I  68  23  97  40  41  17   0 -0.502 -0.376 
 321 A  23  25  41  24  26  15   0 -0.521 -0.355 
 322 R  23  41  25  27  24  15   0 -0.510 -0.319 
 323 Q  23  24  26  25  41  14   0 -0.521 -0.355 
 324 I  23  24  25  42  41  15   0 -0.497 -0.309 
 325 G  28  69  41  26  23  16   0 -0.412 -0.339 
 326 K  29  44  42  43  75  17   1  0.344  0.312 
 327 M  30  45  71  28   5  16   2  0.589  0.435 
 328 L  31  46  55  88  72  17   2  0.466  0.902 
 329 N  32  73  47  89  90  16   2  1.035  1.016 
 330 A  33  19  74  78   4  14   2  0.582  0.570 
 331 R   7  93  34  50  95  16   1  0.243  0.171 
 332 E   8  94  58  67  23  14   0 -0.260 -0.117 
 333 P  59 115  68  97   9  13   0 -0.465 -0.458 
 334 K 116  60  96  61  99  14   0 -0.400 -0.501 
 335 I  61  12 109  16 100  14   0 -0.208 -0.020 
 336 V  43  12  72  71 101  13   1  0.038  0.170 
 337 N  14 111 112  82  72   8   1  0.401  0.225 
 338 G  73 104  47   5 119   7   2  1.160  0.776 
 339 P  53  75 113  33  37  10   2  1.016  0.746 
 340 E  66  38  86  16  71  12   2  0.774  0.893 
 341 I 115  76 107  87 106  12   1  0.062  0.207 
 342 L  96  60  40  68  77  11   0 -0.230 -0.233 
 343 N  61  44  70  96  47  14   1  0.382  0.120 
 344 K   5  45   6  29  12  17   1  0.451  0.285 
 345 Y  46   6   1  30 109  11   1  0.252  0.269 
 346 V  73  47  55  72  88  12   2  0.756  1.092 
 347 G  44  16  71  20  81  10   1  0.339  0.399 
 348 Q  72  17 117  45  49   6   2  0.523  0.459 
 349 S   1   2  73  34  65   8   2  0.616  0.503 
 350 E  19   3  68  51  73  13   1  0.388  0.525 
 351 E  66  27  44  38  20  13   1  0.286  0.237 
 352 N  21  27  67  39  25  16   1 -0.223 -0.119 
 353 V  68  22  23  40  26  14   0 -0.491 -0.303 
 354 R  27  41  25  26  24  13   0 -0.507 -0.314 
 355 K  25  41  24  27  26  12   0 -0.507 -0.314 
 356 L  24  27  25  23  42  14   0 -0.483 -0.280 
 357 F  41  42  23  26  24  15   0 -0.510 -0.383 
 358 A  27  24  41  25  26  15   0 -0.507 -0.314 
 359 D  24  42  27  45  25  13   0 -0.179 -0.054 
 360 A  24  41  42  27  23  14   0 -0.499 -0.348 
 361 E  27  69  25  26  41  15   0 -0.410 -0.274 
 362 R  27  24  25  44  26  14   0 -0.313 -0.191 
 363 E  27  42  25  24  23  14   0 -0.483 -0.280 
 364 Y  42  27  41  24  25  14   0 -0.483 -0.268 
 365 R  44  42  41  27  24  14   0 -0.305 -0.213 
 366 D  24  42  45  27  44  16   1 -0.001  0.001 
 367 R  28  42  72  69  44  15   1  0.013 -0.029 
 368 G  28  70  44  88  72  15   1  0.386  0.305 
 369 E  45  44  47  88   5  17   2  1.065  0.709 
 370 E   5  46  30  45  31  14   2  0.825  0.560 
 371 S  46  31  76  47  86  14   2  1.060  0.826 
 372 G  76  33  48 113  46  14   2  1.163  0.586 
 373 L  93  79   5 114  78  14   2  0.681  0.401 
 374 H 115  95  58  79  94  16   0 -0.125 -0.077 
 375 I  98   8  96 115  95  15   0 -0.401 -0.383 
 376 I  99 107 108  60  98  11   0 -0.572 -0.574 
 377 I  99 109  11  10 117  13   0 -0.527 -0.502 
 378 F  14  99  65  11 109  12   1 -0.194 -0.233 
 379 D  63  57  11 111  83  15   1  0.076  0.046 
 380 E  53  58 120   1  65  17   2  0.587  0.420 
 381 L   1  80  63  59  65  13   1 -0.003 -0.035 
 382 D 116  90 120  75  69  10   2  0.669  0.363 
 383 A  71  43 120  42  70  10   2  0.412  0.330 
 384 I  72  71  46   6  59  10   1  0.362  0.199 
 385 C  46  88 116  69  31  12   1  0.384  0.298 
 386 K  47 117  70  83  44  12   2  0.677  0.412 
 387 K   5  71  36  45  30   2   2  0.721  0.620 
 388 R 120  16  55  72  86   6   2  0.745  1.218 
 389 G  17  18  85  82  76   7   2  1.024  0.713 
 390 S   1  36   3 120  76   2   2  0.693  0.510 
 391 S   3  87  38   6  72   2   2  0.543  0.546 
 392 G  20  85  73  17  55   3   2  0.881  1.173 
 393 G  73  86  17   1  76  10   2  0.901  0.859 
 394 D   2  36  18  39  38   6   2  0.386  0.523 
 395 T  19  38  73  45  37   7   2  0.657  0.584 
 396 G  38  20  73  66  42  14   1  0.421  0.384 
 397 V  67  38  39  65  21  11   1  0.153  0.084 
 398 G  68  40  27  22  38  14   1 -0.302 -0.109 
 399 D  41  23  42  27   5  14   0 -0.112 -0.149 
 400 Q  27  23  44   6  25  12   1 -0.142 -0.091 
 401 V  24  25  42  27  41  13   0 -0.483 -0.268 
 402 V  68  26  41  23  24  14   0 -0.495 -0.379 
 403 N  27  44  25  41  26  15   0 -0.325 -0.196 
 404 Q  25  44  24  26   6  14   1 -0.141 -0.110 
 405 L  42  24  41  22  26  14   0 -0.494 -0.311 
 406 L  69  28  27  57  25  15   0 -0.274 -0.167 
 407 A  44  70  42  99  57  15   1  0.012 -0.092 
 408 K  71  42  45  53  24  11   1  0.228  0.259 
 409 M  72  42  11  63  69  13   1 -0.161 -0.180 
 410 D  44  69  28 108  98  14   1 -0.232 -0.216 
 411 G  70  71 100  13  47  14   1  0.400  0.292 
 412 V  71   5  43  28  72   9   2  0.443  0.310 
 413 D  88  84  46  86  17  10   2  1.071  0.987 
 414 Q  45  84   2  30  47  12   2  1.046  0.778 
 415 L   5  86  46   4  48  10   2  1.278  0.783 
 416 N  93  77 114 113  76  11   2  1.031  0.656 
 417 N  76 106  94 114   4  12   1  0.491  0.379 
 418 I   8 107  78  59  95   9   1 -0.181 -0.364 
 419 L  96  60   8 115 108  14   0 -0.474 -0.388 
 420 V  97  96  99  61   8  12   0 -0.481 -0.461 
 421 I  99  10 108  82  11  14   0 -0.499 -0.530 
 422 G  99 109  11  63  10  13   0 -0.527 -0.529 
 423 M  14 109  10  98  99  15   0 -0.474 -0.492 
 424 T  53 110 111  16  14  10   1  0.355  0.432 
 425 N 120  63  17 111  16   9   2  0.620  0.617 
 426 R   1   2   3  18  17   7   2  0.639  0.600 
 427 K   3   1  38   7  19   7   1  0.304  0.261 
 428 D 116  39  20  44  90   8   1  0.327  0.149 
 429 M  39  71  86  54   5   6   2  0.770  0.679 
 430 I  72  40  46  55  88   9   1  0.229  0.740 
 431 D  73  88  47  23  64  11   1  0.632  0.507 
 432 E  65  44  93  52  41  11   2  0.277  0.300 
 433 A  75  20   6  53  95  12   1  0.556  0.371 
 434 L  67  42  81  21 115  12   0 -0.323 -0.237 
 435 L  82  17  88 117  44  11   1  0.389  0.313 
 436 R  70  45  44  72  47  12   2  0.824  0.490 
 437 P   5  46  71  45  19  13   2  0.752  0.564 
 438 G   6  75  53  38  57  10   2  0.540  0.405 
 439 R  73  48  76  81  71   8   2  0.760  0.411 
 440 L  72  87  42  45   6  10   1  0.426  0.554 
 441 E  96  57  79  28  77  10   1 -0.012 -0.061 
 442 V  10  42  58  79  97  15   0 -0.269 -0.343 
 443 H  98   9  57  44   5  19   1  0.071 -0.140 
 444 M  99   6  60  11  10  17   0 -0.441 -0.503 
 445 E  58 109  11  10  99  15   0 -0.427 -0.531 
 446 I  99  82  98  72  63  18   1 -0.182 -0.307 
 447 S  64 111  83  57  70  17   1  0.404  0.258 
 448 L  16  65  71  37 110  13   2  0.487  0.477 
 449 P  82  20  72  17 111  14   1  0.415  0.287 
 450 D   2  73  36  67 120  15   2  0.587  0.569 
 451 E  19  65  37  68   3  18   2  0.401  0.255 
 452 H  66  20  75  38  85  18   2  1.047  0.795 
 453 G  67  21  39   6 113  16   1  0.464  0.168 
 454 R  40  68  22  27  79  16   0 -0.356 -0.165 
 455 L  41  23  25  27  42  13   0 -0.495 -0.284 
 456 Q  25  27  24  41  23  16   0 -0.510 -0.319 
 457 I  25  24  23  26  27  14   0 -0.507 -0.326 
 458 L  23  25  41  42  27  14   0 -0.495 -0.284 
 459 K  25  26  27  41  24  15   0 -0.507 -0.314 
 460 I  24  25  26  27  23  13   0 -0.507 -0.326 
 461 H  24  23  42  26  41  15   0 -0.510 -0.383 
 462 T  69  28  41  26  27  18   0 -0.398 -0.299 
 463 S  44  25  29  42  27  17   1 -0.168 -0.024 
 464 R   5  45  42  30  71  17   2  0.588  0.432 
 465 M  28  72  46  42  69  16   1  0.049  0.031 
 466 A  44  29  47  32  42  14   1  0.543  0.405 
 467 S  30   5  45  47  96  15   2  0.865  0.488 
 468 N   5  31   6  46  71  14   2  0.704  0.466 
 469 G   6  32   5  69  70  10   2  0.671  0.316 
 470 I  81  44  49  17  70   6   2  0.376  0.313 
 471 L  72  45  71  82 117   6   1  0.350  0.218 
 472 E  35  72  73  89  55   8   2  0.454  1.145 
 473 N  73  65  72  47  64  12   2  0.788  0.518 
 474 D  19  53  20  66  76   9   2  0.616  0.497 
 475 V  66  21  86 114  68  11   2  0.532  0.490 
 476 D  21 106  68  67  60  11   1 -0.267 -0.261 
 477 M  68  22 107  40  25  13   0 -0.490 -0.283 
 478 E  27  41  23  25  24  13   0 -0.510 -0.319 
 479 E  23  42  24  25  10  12   0 -0.547 -0.400 
 480 L  25  42  24   9  23  13   0 -0.551 -0.376 
 481 A  42  44  69  99  27  15   1 -0.207 -0.212 
 482 S  44  45  72  24  28  14   1  0.192  0.106 
 483 L  72  45  42  44  43  14   2  0.337  0.245 
 484 T  46  42  69  72  73  16   1  0.337  0.248 
 485 K  47  70  44  73  19  10   2  0.799  0.580 
 486 N  44  71 120  48  19   7   2  0.824  0.485 
 487 F  72  17  46  88  38   9   2  0.620  0.567 
 488 S  73  36   2  46  47   9   2  0.798  0.751 
 489 G  19  73  37   3  65  10   2  0.676  0.471 
 490 A  66  38  20   5  93  14   2  0.685  0.545 
 491 E  21  39  67  26   1  14   1 -0.095 -0.021 
 492 I  40  22  68  27  26  15   0 -0.477 -0.263 
 493 A  27  25  24  69  26  11   0 -0.398 -0.269 
 494 G  25  26  44  23  41  12   0 -0.339 -0.236 
 495 L  27  25  26  72  24  15   0 -0.300 -0.184 
 496 I  25  23  27  72  41  12   0 -0.315 -0.194 
 497 K  25  41  27  23  24  11   0 -0.510 -0.319 
 498 S  26  42  27  24  25  13   0 -0.480 -0.275 
 499 A  25  24  42  26  41  11   0 -0.494 -0.304 
 500 S  42  25  27  41  26  14   0 -0.492 -0.279 
 501 S  71  25  27  26  42  13   0 -0.288 -0.082 
 502 F  27  42  24  25  72  14   0 -0.276 -0.138 
 503 A  24  28  26  42  27  15   0 -0.467 -0.300 
 504 F  42  27  24  44  72  15   1 -0.098 -0.083 
 505 Y  44  27   5  71  69  14   1  0.367  0.188 
 506 R  45  42  44  27  70  13   1  0.217  0.133 
 507 H  45  72  73  71  42  12   2  0.505  0.432 
 508 I  46  44  72  43  69   8   2  0.346  0.219 
 509 K  73  47  44  71  45   6   2  0.907  0.680 
 510 V   5  72  44   4  71  11   2  0.798  0.469 
 511 G   6  73  79  55  72   7   1  0.344  0.716 
 512 T  96   6  72   5  38   9   1  0.483  0.180 
 513 T  44  27  45  24  42  13   1 -0.001  0.001 
 514 A  45  44   5  71  27  14   2  0.562  0.357 
 515 A  73  45  44  79  99  13   1  0.387  0.240 
 516 V  73  44  42  43  10  14   1  0.093  0.068 
 517 S  44  73  71  24  42  12   1  0.201  0.214 
 518 G  72  44  42  27  45  11   1  0.193  0.127 
 519 N  44  73  45  72  27  11   2  0.483  0.347 
 520 L  45  44  71  72  73  11   2  0.672  0.515 
 521 E  73  44  42  10  72  15   1  0.142  0.051 
 522 N  44  45  73  71  24  12   2  0.477  0.390 
 523 I   5  44  79  72  45  12   2  0.675  0.353 
 524 K  72   6  44  73  27  12   1  0.365  0.242 
 525 V  44  45  27  73  72  12   2  0.483  0.347 
 526 N  44   5  45  73  42  12   2  0.688  0.430 
 527 R  44  45  73  72   5  13   2  0.868  0.521 
 528 N  45  73  44  72  42  14   2  0.496  0.357 
 529 D  44  73  42   6  24  10   1  0.183  0.127 
 530 F  44  42  45  79   6  13   1  0.281  0.170 
 531 L  44  45  72  27   5  11   2  0.565  0.290 
 532 N  45  44   5  73  72  10   2  0.868  0.521 
 533 A  44  73  72  71  27  12   2  0.383  0.330 
 534 L  44  73  42  72  27  11   1  0.207  0.172 
 535 S  45  27  73  42   6  11   1  0.295  0.244 
 536 E  73  44  42  27  47  13   1  0.441  0.336 
 537 V  44  42   6   5  24  11   1  0.266  0.070 
 538 R  44  45  72   5  27  13   2  0.565  0.290 
 539 P  45   5  27  42  44  14   1  0.386  0.200 
 540 A   6   5  27  44  42  12   1  0.268  0.095 
 541 Y  44  42  73   6  45  12   1  0.475  0.338 
 542 G  44  42   5  45  43  14   2  0.530  0.317 
 543 V  45  72  44  71   6  11   2  0.541  0.366 
 544 S  72  73  45   6   5  13   2  0.860  0.508 
 545 E  44  73  45  42   6  12   1  0.475  0.338 
 546 E  44  45  27  73   6  12   1  0.462  0.327 
 547 E  44  45   5  72   6   8   2  0.737  0.371 
 548 L  72  44   5  73  42  11   2  0.592  0.345 
 549 E  44  73  45   5  72  10   2  0.868  0.521 
 550 S  44  73   6  42  71  10   1  0.374  0.320 
 551 R   6  45  73   5  44  10   2  0.847  0.501 
 552 V  44   6  79  73  45  12   2  0.571  0.390 
 553 Q  44  73  42  71  27  13   1  0.203  0.239 
 554 G   5  44  45  71  42  13   2  0.575  0.368 
 555 G  44   6  72  45  73  12   2  0.654  0.428 
 556 I  71  42  73  72  43  11   2  0.360  0.364 
 557 I  44  71   6  27  73  10   1  0.362  0.310 
 558 N  45  44  72 117  73  13   2  0.545  0.391 
 559 F  73  45  72   5  47  11   2  1.116  0.692 
 560 G  73  27  47   6   3  10   1  0.677  0.382 
 561 K  44  27  73  66  42   8   1  0.265  0.254 
 562 H  44  24   5  20  27   8   1  0.255  0.084 
 563 I   6  27  72  42   3  12   1  0.153 -0.002 
 564 E  27  44  42  24   5  12   1  0.094 -0.011 
 565 E  27  44  42  45  24  13   1 -0.001  0.001 
 566 I  44  27   6  25  45  11   1  0.161  0.135 
 567 I  42  27  24  72  44  11   1 -0.098 -0.083 
 568 T  42  24  27  44  73  11   1  0.012  0.046 
 569 E  44  24  42  27   5  11   1  0.094 -0.011 
 570 G  42  27  24  45  25  12   0 -0.179 -0.054 
 571 K  42  27  44  25   5  13   1  0.098  0.053 
 572 L  27  44  24  42  45  12   1 -0.001  0.001 
 573 F  42  73  44  27  24  12   1  0.012  0.046 
 574 V  42  27  24  44  41  16   0 -0.305 -0.213 
 575 Q  44  42  27  24  41  15   0 -0.305 -0.213 
 576 Q  42  45  24  71  27  15   1  0.008  0.076 
 577 V  28   5   6  72  44  16   1  0.462  0.199 
 578 K  44  70  72  88  29  12   2  0.491  0.389 
 579 N  45  71  72   5  30  11   2  0.767  0.523 
 580 S  72   6  46  73   5   9   2  0.786  0.476 
 581 E  46  73  32  44  47   7   2  0.929  0.682 
 582 R  47   5  43  71  19   8   2  0.819  0.608 
 583 T   5   3  38  88  47   7   2  1.016  0.617 
 584 R   6  88  46   5  51   3   1  0.684  0.727 
 585 L  76  79  48   5  77   9   2  0.959  0.393 
 586 V  57  77  76  79   9  12   1  0.153  0.002 
 587 S  58   6   9  10  95  12   0 -0.179 -0.375 
 588 V  10  59   9  60   6  13   0 -0.381 -0.513 
 589 L  99  69   9  60  97  12   0 -0.486 -0.532 
 590 L  11   8  99  43  70  12   1 -0.196 -0.166 
 591 S  99 108  13  43  11  13   0 -0.369 -0.265 
 592 G  63  46  72 111  99  13   1  0.143  0.099 
 593 P  65  83 102 118  73  13   2  0.671  0.568 
 594 I  65  84  73 119  37  11   2  0.942  0.689 
 595 A  20 120  65  38  17  13   2  0.666  0.475 
 596 S  38  17  66  18  39  13   2  0.568  0.545 
 597 G  18  68   1  67  36  18   1  0.206  0.423 
 598 K  68  40  37  22  51  14   1 -0.109  0.267 
 599 T  41  27  40  20  23  15   0 -0.350 -0.238 
 600 A  24  25  23  27  41  14   0 -0.510 -0.319 
 601 L  41  23  24  26  68  16   0 -0.495 -0.379 
 602 A  23  41  24  25  27  14   0 -0.510 -0.319 
 603 A  41  25  23  24  27  14   0 -0.510 -0.319 
 604 T  24  23  41  26  25  15   0 -0.521 -0.355 
 605 I  23  24  41  27  25  14   0 -0.510 -0.319 
 606 A  28  26  24  41  44  12   0 -0.315 -0.246 
 607 L  42  29  25  41  27  15   0 -0.362 -0.147 
 608 G  30  45  28  24  23  13   1 -0.001  0.028 
 609 S  31  46  88  86  90  15   2  0.889  0.849 
 610 E  32  48  47  73   4  14   2  1.316  0.780 
 611 F  33  78   5  19  27  12   2  0.390  0.240 
 612 P   7  42  93  95   6  13   1  0.070  0.083 
 613 F   8  94  98  69  28  14   0 -0.440 -0.186 
 614 V 115 108  59   9  42  13   0 -0.472 -0.415 
 615 K  60  61  81  99 116  13   0 -0.451 -0.487 
 616 L  12  61  99  26 100  12   0 -0.520 -0.403 
 617 V  82  72  16 110 118  14   1  0.318  0.264 
 618 S  14  46  73  64   1  12   2  0.425  0.424 
 619 A  57  73  65  47  20  12   2  0.734  0.489 
 620 E  53  37  75  19  67  11   2  0.592  0.537 
 621 S  66   8 115  86  17  11   1  0.377  0.475 
 622 M 115  17  67 106  76  13   1  0.214  0.112 
 623 V  68  96  60  61  39  13   0 -0.326 -0.353 
 624 G  70  61  44  97  27  14   1 -0.103 -0.162 
 625 M  45  29  24   5  42  17   1  0.323  0.178 
 626 N  46  24  54   1  28  13   1  0.089  0.228 
 627 E  47  26 120  55  73  12   1  0.619  0.891 
 628 N  27  19  71  44  24  14   1  0.040  0.120 
 629 A  45  26  49  72  27   8   1  0.185  0.177 
 630 R   1  27  26  73   2   9   1  0.138  0.270 
 631 V  19 115  51  65  41  13   1 -0.011  0.282 
 632 A  27  24  25  66  41  14   0 -0.245 -0.095 
 633 H  27  41  42  21  24  16   0 -0.430 -0.300 
 634 V  24  68  41  26  25  15   0 -0.479 -0.300 
 635 N  27  25  24  23  26  15   0 -0.507 -0.326 
 636 R  25  24  27  26  41  13   0 -0.507 -0.314 
 637 V  24  27  23  41  25  15   0 -0.510 -0.319 
 638 F  41  23  69  24  42  15   0 -0.404 -0.331 
 639 E  24  27  47  42  44  15   1  0.137  0.082 
 640 D  42  45  24  71  27  13   1  0.008  0.076 
 641 S  28  72  69  46  88  16   1  0.301  0.274 
 642 Y  47  43  88  44  90  16   2  0.825  0.645 
 643 K  48  44  45  30   5  15   2  1.016  0.497 
 644 S  46  45  72  31   5  11   2  0.825  0.503 
 645 P  46  48  76   6  93  15   2  0.849  0.492 
 646 L 107  48  78  96   4  14   1  0.497 -0.018 
 647 S  58 115  95  79  48  15   1  0.330 -0.050 
 648 V  98  59 106  78 115  14   0 -0.247 -0.373 
 649 I 107  99 108   8  60  10   0 -0.553 -0.497 
 650 V 108  99 117  81  13  14   0 -0.409 -0.295 
 651 V  99  82  12  63  65  11   1 -0.152 -0.198 
 652 D  99  83  12  53  63  13   1  0.028  0.044 
 653 E  53  65  64  58 120  16   1  0.578  0.309 
 654 I  75  65  59  12  22  15   1  0.146  0.118 
 655 E  75 116 120  90  83   9   2  0.848  0.512 
 656 R  42  71  27 120  84  12   1  0.483  0.371 
 657 I  42  71  28  72   5  15   1  0.312  0.203 
 658 I  88  69  46  55  42  11   1  0.157  0.675 
 659 D  30  74 117  83  47   9   1  0.719  0.676 
 660 W   5  30  53  71  36   7   2  0.652  0.618 
 661 V  31  16 120  71  46   4   2  0.756  0.714 
 662 P  17  85  43  72  32   7   2  0.977  0.754 
 663 I  36  82   1  17  72   7   1  0.363  0.395 
 664 G  36  73   3   2  18   7   2  0.682  0.653 
 665 P  65  19  37  20  58  12   1  0.451  0.291 
 666 R  20  66  38  76 115  14   1  0.392  0.264 
 667 F  39  67  21  38  55  13   1 -0.012  0.465 
 668 S  68  40  22  27   3  14   0 -0.209 -0.158 
 669 N  27  41  25  68  23  14   0 -0.480 -0.280 
 670 T  23  24  27  25  26  13   0 -0.507 -0.326 
 671 L  24  25  42  27  23  15   0 -0.483 -0.280 
 672 L  27  25  26  41  23  16   0 -0.519 -0.330 
 673 Q  27  44  25  41  26  15   0 -0.325 -0.196 
 674 T  24  25  45  26  27  16   0 -0.203 -0.100 
 675 L  24  42  26  41  72  15   0 -0.303 -0.242 
 676 M  69  26  27  24  42  14   0 -0.387 -0.298 
 677 V  44  27  70  42  98  15   1 -0.114 -0.128 
 678 L  58   5  45  71  42   9   1  0.556  0.289 
 679 F  42  43  69  58  60  14   1 -0.082 -0.176 
 680 K  44  69  70  98 108  11   1 -0.030 -0.123 
 681 K  71  70  43 107  45  11   2  0.331  0.221 
 682 Q   5  28  72  16  43   8   2  0.531  0.454 
 683 P  88  84 118  69 101   9   1  0.509  0.467 
 684 P  84 102  83  85 101  13   2  1.011  0.751 
 685 K  86  46 103  85  74   8   2  1.407  1.307 
 686 G 103 113  76  93 104  10   2  1.288  0.897 
 687 H  76 106 114 105 104  12   1  0.582  0.310 
 688 R 106  59 115  78 107  11   0 -0.232 -0.392 
 689 L  96   8 115  60 106  16   0 -0.432 -0.382 
 690 L   8  96 107  97  56  12   0 -0.365 -0.380 
 691 I 108  99   9 117  12  14   0 -0.532 -0.373 
 692 L  99 109  63  13  10  14   0 -0.466 -0.460 
 693 A 109  14 118  99  10  16   0 -0.260 -0.256 
 694 T  53 110  14 103 111  10   1  0.557  0.462 
 695 T  85 111 120   1  63   8   2  0.792  0.670 
 696 S   1  18 105   2  33   6   2  0.417  0.535 
 697 E   7   3  65  18  56   9   1  0.449  0.253 
 698 R  96 115  38   8 116  11   1 -0.234 -0.211 
 699 T  39  71  86  81  56  10   1  0.303  0.367 
 700 M  40  55  82  72   1  11   1 -0.012  0.488 
 701 L  73  14  83  88  89  14   2  0.686  0.859 
 702 S  65 119  52  15  25  13   2  0.487  0.422 
 703 R  75  53  20 120  65  11   2  0.827  0.594 
 704 M  38  16  42  26  86  15   1  0.336  0.516 
 705 D  17  87  85  82  88  12   1  0.960  1.010 
 706 M  70  42  47  45  18  12   2  0.735  0.558 
 707 T   5  71  40   3  37  14   1  0.564  0.303 
 708 Q   6  46  44  27  41  14   1  0.072  0.036 
 709 S  48  26  30  44  89  14   2  0.543  0.506 
 710 F  42  27  33  72  87  11   1  0.126  0.445 
 711 D  44  57  69  28  96  13   1 -0.044 -0.143 
 712 A  42  45  10  58  79  13   1  0.026 -0.110 
 713 E  42   7  95  71   5  13   1  0.278  0.115 
 714 I  69  60  99  55   6  15   1 -0.190  0.198 
 715 A  70  44  11  64  57  14   1  0.103 -0.033 
 716 V  71  72  19  16  82  13   2  0.431  0.447 
 717 P  72 111  82  20  83  15   1  0.424  0.250 
 718 N  73  47  16   2  36  14   2  0.859  0.909 
 719 V  19  68  37  65  71  16   2  0.334  0.354 
 720 S  66  38  17  20  88  14   2  0.636  0.600 
 721 N  39  67  18   2  21  13   1  0.232  0.261 
 722 V  40  68  19  22  48  16   1  0.139  0.069 
 723 T  23  66  41  27  20  14   1 -0.086 -0.045 
 724 E  25  27  41  24  21  14   0 -0.441 -0.271 
 725 L  24  27  25  23  26  16   0 -0.507 -0.326 
 726 D  23  41  25  27  24  15   0 -0.510 -0.319 
 727 R  25  41  24  23  27  16   0 -0.510 -0.319 
 728 I  25  24  23  42  27  14   0 -0.483 -0.280 
 729 I  28  42  23  24  41  14   0 -0.485 -0.334 
 730 Q  69  44  26  41  29  13   1 -0.113 -0.122 
 731 S  45  30  44  25  42  14   1  0.195  0.223 
 732 I  42   5  45  31  46  16   2  0.645  0.413 
 733 D  69  46  75   6  28  13   1  0.384  0.258 
 734 S  44  47  49 115  32   7   2  0.594  0.464 
 735 F  71  45  72  50  30   9   2  0.489  0.453 
 736 A  72  46  82  35  88  13   1  0.469  0.397 
 737 D  47  73  46  90  36  11   2  0.901  0.763 
 738 S   5  19  37  48  66  10   2  0.988  0.555 
 739 N  66   6  20  38  81  10   1  0.279  0.208 
 740 V  21  18  39  67  56  14   1  0.164  0.149 
 741 R  68  19  22  18  65  15   1  0.188  0.305 
 742 A  20  27  19  41  66  13   1  0.083  0.142 
 743 D  24  25  20  27  23  13   0 -0.322 -0.186 
 744 T  24  42  25  23  27  15   0 -0.483 -0.280 
 745 L  27  25  42  69  28  16   0 -0.358 -0.185 
 746 Q  44  41  25  27  70  15   1 -0.098 -0.053 
 747 R  42  45  23  24  71  14   1 -0.006  0.035 
 748 L  46  72  42  28  69  16   1  0.049  0.031 
 749 Q  47  90  28  70  44  13   2  0.646  0.395 
 750 N  44  48  71  19  45  17   2  0.782  0.480 
 751 F  45  72  17  30  46  16   2  0.674  0.537 
 752 T   2  73  46  18  55  16   2  0.544  1.044 
 753 G  19  51   3  37  48  15   2  0.736  0.595 
 754 T  20  38  66  44   4  14   2  0.618  0.433 
 755 D  21  67  38  50  58  14   1  0.105  0.030 
 756 A  22  68  40  23  26  15   0 -0.491 -0.303 
 757 V  68  23  24  41  20  13   0 -0.311 -0.239 
 758 N  25  41  24  27  23  14   0 -0.510 -0.319 
 759 V  23  25  27  26  41  15   0 -0.519 -0.330 
 760 G  23  25  41  24  27  14   0 -0.510 -0.319 
 761 V  41  26  25  23  27  15   0 -0.519 -0.330 
 762 A  25  26  23  24  27  14   0 -0.507 -0.326 
 763 K  25  24  26  41  27  14   0 -0.507 -0.314 
 764 I  41  26  27  25  68  15   0 -0.477 -0.275 
 765 L  41  25  24  26  27  15   0 -0.507 -0.314 
 766 M  24  25  27  41  23  15   0 -0.510 -0.319 
 767 I  23  24  42  25  27  14   0 -0.483 -0.280 
 768 A  24  41  26  42  69  14   0 -0.401 -0.327 
 769 E  44  27  24  26  47  12   1  0.113  0.036 
 770 T  45  25  24  42  27  15   0 -0.179 -0.054 
 771 A  42  31  46  24  28  15   1 -0.017  0.042 
 772 K  32  69  47  76  24  11   1  0.622  0.338 
 773 Q  47  70  33  27  24  13   1  0.322  0.243 
 774 D   5  42  36  48 115  12   1  0.502  0.246 
 775 V  42   6  37  69  72  11   1  0.219  0.110 
 776 D 116  44  81  88  82  13   1  0.129  0.036 
 777 V  56  82  36  72  45  12   1  0.365  0.259 
 778 V  68  40  37  14  65  10   1  0.091  0.099 
 779 S  44  25  27  20  66  14   1  0.124  0.157 
 780 C  25  27  24  21  66  13   1 -0.175 -0.059 
 781 F  24  27  22  68  25  15   0 -0.452 -0.204 
 782 V  23  41  27  25  26  15   0 -0.519 -0.330 
 783 E 999 999 999 999 999 999 999 -9.999 -9.999 
 784 A 999 999 999 999 999 999 999 -9.999 -9.999 
 785 M 999 999 999 999 999 999 999 -9.999 -9.999 
 786 A 999 999 999 999 999 999 999 -9.999 -9.999 
 787 R 999 999 999 999 999 999 999 -9.999 -9.999 
 788 A 999 999 999 999 999 999 999 -9.999 -9.999 
 789 I 999 999 999 999 999 999 999 -9.999 -9.999 
 790 P 999 999 999 999 999 999 999 -9.999 -9.999 
 791 M 999 999 999 999 999 999 999 -9.999 -9.999 
 792 E 999 999 999 999 999 999 999 -9.999 -9.999 