   1 M 999 999 999 999 999 999 999 -9.999 -9.999 
   2 A 999 999 999 999 999 999 999 -9.999 -9.999 
   3 I 999 999 999 999 999 999 999 -9.999 -9.999 
   4 Q 999 999 999 999 999 999 999 -9.999 -9.999 
   5 T 999 999 999 999 999 999 999 -9.999 -9.999 
   6 R 999 999 999 999 999 999 999 -9.999 -9.999 
   7 F 999 999 999 999 999 999 999 -9.999 -9.999 
   8 A 999 999 999 999 999 999 999 -9.999 -9.999 
   9 S 999 999 999 999 999 999 999 -9.999 -9.999 
  10 G 999 999 999 999 999 999 999 -9.999 -9.999 
  11 T   6  17 105  49  72   5   2  0.480  0.359 
  12 S   7   2  50 106  34  11   1  0.175  0.104 
  13 L  19  87   3  80  61  11   1  0.145  0.298 
  14 S  70  57  52 108  20   9   1  0.191  0.124 
  15 D  58  70  61  71  53   5   1  0.293  0.158 
  16 L  87  80  63  71  72  10   1  0.188  0.420 
  17 K  88  73 120  89 116   6   2  0.696  0.800 
  18 P  61 117  56  84  47   9   1  0.546  0.315 
  19 K   5 117  57  48  85   2   1  1.085  0.527 
  20 P  86 113   6  76  46   2   2  1.098  0.733 
  21 S  77 104  90  47  76   3   2  1.012  0.653 
  22 A 107  86  76  48  91  13   2  0.911  0.426 
  23 T 106  77   6  79  58   8   1  0.201  0.029 
  24 S  95 107  96   6  60  10   0 -0.194 -0.371 
  25 I  10   6  79  59  98  10   0 -0.232 -0.358 
  26 S  81   9  71  95  60  14   1 -0.269 -0.271 
  27 I  98  61  10  63  99  13   0 -0.550 -0.563 
  28 P  64  11 109  57  98  13   0 -0.323 -0.343 
  29 M  14  10  65  99  37  15   1 -0.001 -0.094 
  30 Q  75  70  83  53  20   8   2  0.771  0.553 
  31 N  42  21  53   5  98  12   1  0.151  0.035 
  32 V  87   6  72  55  71  10   2  0.362  1.030 
  33 M  43  90  82  72  47   9   2  0.671  0.382 
  34 N  47  69  61  14  46   9   1  0.359  0.190 
  35 K   5   6  70  33 119   6   2  0.699  0.424 
  36 P  81 120  12  71  16   6   1  0.284  0.402 
  37 V  17  82  55  81  88   9   1  0.198  0.664 
  38 T  89  83  72  88  82  12   1  0.561  0.643 
  39 E  36 119  18  64   2   8   2  0.501  0.583 
  40 Q  37  76  86   3  66   8   2  0.929  0.671 
  41 D  66  20  76  77 114   7   2  0.743  0.471 
  42 S  21  39 114 106  78  12   1  0.191 -0.000 
  43 L  40  96  95  68  78  11   1 -0.142 -0.256 
  44 F  41  23  42  27  25  13   0 -0.495 -0.284 
  45 H  26  27  25   9  44  13   0 -0.379 -0.263 
  46 I  72  25  27  24  26  12   0 -0.300 -0.184 
  47 C  26  25  24  23  41  13   0 -0.521 -0.355 
  48 A  25  26  27  44  69  13   1 -0.216 -0.151 
  49 N  25  27  24 109 120  14   0 -0.138 -0.093 
  50 I  23  42  37   1  41  11   1 -0.127  0.016 
  51 R  69  66  27  88  90  14   1  0.419  0.368 
  52 K  44  70  27   4  33  12   2  0.409  0.292 
  53 R  48  91   5  36  68  15   2  0.823  0.390 
  54 L  69   6  41  23  37  15   1 -0.015 -0.070 
  55 E  44  27  77  24  54  11   1  0.095  0.110 
  56 V  45  24  48 107  42  12   1  0.243 -0.037 
  57 L  46  28  42  72  23  14   1 -0.060 -0.025 
  58 P  27  44  88  70  25  12   1  0.181  0.230 
  59 Q  24  45  43  26  64  15   1  0.071  0.041 
  60 L  72  41   5  23  24  14   1  0.066 -0.083 
  61 K  41  77  90  27  69  12   1  0.086  0.029 
  62 P  27  42  25  24  26  12   0 -0.480 -0.275 
  63 F  24  41  25  91  59  13   0 -0.127 -0.203 
  64 L  60  23  41  24  42  11   0 -0.511 -0.419 
  65 Q  27  42  24  26  44  12   0 -0.302 -0.220 
  66 L  27  42  25  24 100  14   0 -0.440 -0.235 
  67 A 109  42  69  24  54  15   1 -0.163 -0.119 
  68 Y  43  44  69  27  16  15   1  0.214  0.276 
  69 Q  26  45 120  83  27  12   1  0.402  0.241 
  70 S  73  37  71  72  36  12   2  0.578  0.600 
  71 S  75  19  20  37  69   8   2  0.539  0.426 
  72 E  38  20  27  66  17  13   1  0.371  0.346 
  73 V  54  40  71  39   6  13   1  0.167  0.203 
  74 L  35  72  88  87  68  16   2  0.423  0.714 
  75 S  44  73  27  61  25  13   1 -0.008  0.047 
  76 E  25  27  26  24   5  16   0 -0.108 -0.112 
  77 R  24  25  41  26  53  13   0 -0.287 -0.131 
  78 Q  26  41  27  25  23  15   0 -0.519 -0.330 
  79 S  25  24  41  27  26  13   0 -0.507 -0.314 
  80 L  42  24  27  25  23  13   0 -0.483 -0.280 
  81 L  42  24  81  27  23  12   0 -0.483 -0.335 
  82 L  72  69 117  43  26  12   1  0.001 -0.021 
  83 S  70  73  64  83 100  11   1  0.471  0.305 
  84 Q  37   5  16  71 110  11   2  0.657  0.528 
  85 K  44  66  20  26 112  10   1  0.422  0.258 
  86 Q  45 120  24  85  47  11   2  1.137  0.748 
  87 H  18  91  24  92  76  14   2  0.684  0.473 
  88 Q  79  75  96  27   5  10   1  0.433  0.199 
  89 E  42   6  95  24   5   9   1  0.189 -0.015 
  90 L  42   6   8 107  80  10   0 -0.359 -0.306 
  91 L  28 108  69  60  88  12   0 -0.118 -0.052 
  92 K  29  61  70 117  13   8   1 -0.076 -0.058 
  93 S  30  53  14  70  43   8   2  0.405  0.372 
  94 N  31  53  72  46   5   8   2  0.756  0.501 
  95 G  32  17 112 113  73   2   2  1.199  0.792 
  96 A  49  17  33  87  70   6   2  0.597  0.833 
  97 N  34  71   7  36  18   3   1  0.446  0.449 
  98 R  17   3  72  88  87   3   2  0.738  0.802 
  99 D  36  18   1  73   2   5   2  0.567  0.757 
 100 S  19   3  37  73  51   3   2  0.588  0.676 
 101 S  20  38  75  87  68   4   2  0.492  0.671 
 102 D  21  53  58 120  67   5   1  0.387  0.180 
 103 L  87  40 115   6   3   6   1  0.162  0.293 
 104 A  96  60  68  20  22   6   0 -0.240 -0.216 
 105 P  61  70  98 117  96   9   0 -0.204 -0.271 
 106 T 117 109  71  57  11   9   1 -0.163 -0.116 
 107 L  63  69  99  81 117   9   0 -0.275 -0.273 
 108 R  64  11 109  70  89   8   1  0.050  0.216 
 109 S  71  14 110  74  30   9   1  0.317  0.410 
 110 S   6  79  31  93  46   4   2  0.433  0.415 
 111 S  76  86 120  73   1   4   2  0.968  0.846 
 112 I  17  87  86  76  49  10   2  0.893  1.085 
 113 S  89  77  90  36  83   6   2  0.639  0.810 
 114 T  61 120  26  55  74   6   1  0.122  0.650 
 115 A  68  20  10  76  26  13   1 -0.058 -0.158 
 116 T  25  60  38  21  26  10   1 -0.285 -0.206 
 117 S  26  61  58  70  60   9   0 -0.139 -0.300 
 118 L  98  23  24  71  27  13   0 -0.350 -0.236 
 119 M  28  61  99  12  88  10   0 -0.259 -0.104 
 120 S  29  61  53  56  42  11   1 -0.022  0.029 
 121 M  30  14  11  10  99  13   1 -0.293 -0.285 
 122 E  57  31  52  99  60  10   1 -0.002 -0.075 
 123 G  53  58  32   1 113  11   2  0.843  0.554 
 124 I  59  80  87  33  69  11   1  0.075  0.267 
 125 S   7  60 116  34 120   8   1  0.224 -0.067 
 126 Y  61 117  56  43  55   2   1 -0.118  0.405 
 127 T  70 118  63 109 108  11   1 -0.017 -0.014 
 128 N  16  84 112  71 103   4   2  1.205  1.000 
 129 S  85  17 111  87  57   2   2  0.860  0.962 
 130 N  53   1  73 104  36   2   2  0.609  0.723 
 131 P  58 113   3 115   8   3   1  0.421  0.045 
 132 S  38  43  71  76 120   8   2  0.645  0.474 
 133 A 117  17 107 115  55   5   1 -0.143  0.371 
 134 T  34 117  81  16  40   3   1  0.096  0.141 
 135 P 117  17  12  88   3  11   1  0.334  0.317 
 136 N   2 117  82  73 120   7   1  0.500  0.349 
 137 M  65  76  89  86 105  14   2  0.757  0.828 
 138 E  76  20 104  75   3  10   1  0.896  0.512 
 139 D  75  76  67  86 113  11   2  1.180  0.803 
 140 T   6  40 106  79 115  14   0 -0.183 -0.147 
 141 L 107  95  40  59  80  15   0 -0.358 -0.442 
 142 L  23  61  56  11  10  14   0 -0.494 -0.482 
 143 T   9  98  81  10  97  14   0 -0.661 -0.620 
 144 F  10  11  99  61 101  14   0 -0.584 -0.529 
 145 S   9  11  10  53  98  12   0 -0.477 -0.433 
 146 M  98  10  99  52  59  17   0 -0.342 -0.423 
 147 G  11  75  57  10  99  15   1 -0.134 -0.227 
 148 I  10  99 109  58  98  11   0 -0.428 -0.546 
 149 L  56  10  11  97  99  12   0 -0.487 -0.506 
 150 P  98  97  99 107  58  13   0 -0.407 -0.534 
 151 I  12 119  99  55  61  16   1 -0.242  0.301 
 152 T  16 116 111  82  54  11   1  0.328  0.353 
 153 M 118 102  55  46  84  14   2  0.577  0.974 
 154 D  82  65 119  83  18  14   2  0.623  0.428 
 155 C  19  16 112  85 120  11   2  1.164  0.955 
 156 D  17  65  20   2  66  14   2  0.609  0.516 
 157 P   2   1  38  68  67  12   2  0.139  0.256 
 158 V  51  68   3  40  19  16   1  0.072  0.285 
 159 T  68  27  39  57  25  15   1 -0.254 -0.132 
 160 Q  24  40  23  25  26  17   0 -0.520 -0.335 
 161 L  23  24  41  68  22  17   0 -0.482 -0.312 
 162 S  41  23  24  27  69  15   0 -0.417 -0.342 
 163 Q  23  44  24  27  41  17   0 -0.332 -0.264 
 164 L  28  45 120  71  54  17   2  0.544  0.470 
 165 F  88  29  72  46  86  17   2  0.687  0.716 
 166 Q  89  30  47  44  88  15   2  0.796  0.912 
 167 Q  31  48   5  52  36  14   2  0.908  0.558 
 168 G   5  53  68  94  32  13   1  0.431  0.432 
 169 A  38  49  33  27 115  12   1  0.027  0.180 
 170 P 107  56  24  96  39  13   0 -0.240 -0.308 
 171 L  97  40  23   8  41  12   0 -0.551 -0.389 
 172 C  41  23  12  97  57  13   0 -0.451 -0.340 
 173 I   9  99  27  25  98  14   0 -0.602 -0.466 
 174 L  24  42  26  98  27  15   0 -0.523 -0.389 
 175 F  69  28  14  11  24  14   0 -0.302 -0.250 
 176 N  70  44  52  15  43  14   2  0.563  0.411 
 177 S  71  16  48   5  45  14   2  1.109  0.726 
 178 V  72  46  42  28  55  12   1  0.004  0.519 
 179 K  55  73  88  46  29  14   1  0.471  0.976 
 180 P  74  47  51  56  48  12   1  0.888  0.841 
 181 Q   5  57  31  52  91   9   2  0.703  0.356 
 182 F  58  51  70  86  31   6   1  0.622  0.713 
 183 K  51  54  56 106  57   8   1  0.107  0.329 
 184 L 107  96  57  51  56  14   0 -0.112  0.023 
 185 P  34  75  58 108  54   9   1  0.503  0.260 
 186 V  65  72  35  98  55   9   1  0.113  0.558 
 187 I  12  54  20  55 116   9   1 -0.024  0.519 
 188 A  82  35  55  17   1  12   1  0.251  0.769 
 189 S  18   3  19 118  40  12   1  0.360  0.355 
 190 D  20  65  17  19  37  12   2  0.555  0.479 
 191 D  66  20  67  53  21  13   1  0.319  0.263 
 192 L  40  68   3  86  67  18   1  0.266  0.231 
 193 K  40  68  27  20  66  14   1 -0.043  0.029 
 194 V  24  38  23  25  41  15   0 -0.347 -0.200 
 195 C  41  24  23  26  25  16   0 -0.521 -0.355 
 196 K  23  24  41  26  27  15   0 -0.523 -0.393 
 197 K  41  24  25  27  26  15   0 -0.507 -0.314 
 198 S  24  25  23  27  26  15   0 -0.507 -0.326 
 199 I  42  24  25  23  41  14   0 -0.497 -0.309 
 200 Y  23  42  41  69  27  16   0 -0.402 -0.307 
 201 D  24  41  42  25  27  15   0 -0.483 -0.268 
 202 F  42   5  24  28  69  14   1  0.023 -0.075 
 203 I  69  12  88  46  26  11   1  0.051  0.136 
 204 L  44  43  70  54  26  16   2  0.249  0.196 
 205 G  45 120  44  53  35  13   2  0.717  0.558 
 206 C  72  42  28  71   6   9   1  0.099  0.110 
 207 K  88  90  28  53  55   7   1  0.357  0.869 
 208 K   2  48  29  75  18  12   2  0.915  0.659 
 209 H   5  30  36   3   6   9   1  0.671  0.417 
 210 F  70  31  38  86  55  10   2  0.547  0.993 
 211 A  32  70  48  44  76   5   2  0.948  0.431 
 212 F  49  35 117  63  45   5   1  0.305  0.340 
 213 N  72  88  34  50  55   7   1  0.384  0.775 
 214 D  65  73  14  37  48  11   2  0.829  0.474 
 215 E  75  20  66 119  57  11   2  0.655  0.478 
 216 E  21  75  53 120  58  11   1  0.655  0.389 
 217 L  68  40   8  22  56  10   0 -0.368 -0.171 
 218 F 115  57   3 107  97  12   0 -0.172 -0.330 
 219 T  58   9  44 120  42  12   1  0.135 -0.051 
 220 I  98   3  80 117  10  11   0 -0.283 -0.388 
 221 S  75  11  53 108  57   7   1  0.166  0.145 
 222 D  58  98  16  83 109   8   1  0.201  0.120 
 223 V  45  43  82  12   1   9   1  0.160  0.208 
 224 F 120  72  46  70   1  13   2  0.616  0.461 
 225 A 118  70  89  47 112  12   2  0.858  0.848 
 226 N  44  74  45  15  48   5   2  1.004  0.681 
 227 S 120  16  45  53   4   8   2  0.969  0.804 
 228 T  86 115  16  55  76   6   1  0.508  1.047 
 229 S  90  77  89  88  47   7   2  0.911  0.966 
 230 Q  56  74  96 107   4  10   1  0.240  0.169 
 231 L  57  79  80   5  58   3   1  0.257 -0.025 
 232 V  20   6  90 115  88  11   1  0.406  0.331 
 233 K  96 117  74  60  56  10   0 -0.017  0.039 
 234 V  80  56 107  57  40   9   0 -0.319 -0.326 
 235 L  58 117  12  57  97  10   0 -0.200 -0.212 
 236 E  98  10  61  58  82   9   0 -0.339 -0.513 
 237 V  57  98  56   1  14  10   1 -0.051 -0.014 
 238 V  57  58  15 108   6   9   1  0.271  0.070 
 239 E  90  57  77  70  53   6   2  0.539  0.362 
 240 T  58  56   1  47 117   9   1  0.429  0.288 
 241 L  28  71   5  87  84   8   2  0.778  0.797 
 242 M  88  29  69  17  46   6   1  0.478  0.460 
 243 N  56  47  30  71  53   6   2  0.667  0.566 
 244 S  72  57   5  48 104   6   2  0.924  0.391 
 245 S  58   6  32   1 115   3   1  0.265  0.184 
 246 P  57 115  33  56  98   8   1 -0.156 -0.121 
 247 T  60 115  58  57  53  10   1 -0.028 -0.131 
 248 I  97  57  98  99   8   5   0 -0.465 -0.425 
 249 F  82  11  58 117  81   5   0 -0.200 -0.298 
 250 P 117  98  99  56  63   3   0 -0.293 -0.293 
 251 S  57 117  53  82 118   8   1  0.169  0.135 
 252 K  53  16   1  65 117   2   2  0.434  0.571 
 253 S  17  15  53  76  63   4   2  0.684  0.491 
 254 K 120   2   1  75  53   6   2  0.767  0.705 
 255 T   6  47  76 120  87   6   2  0.988  0.855 
 256 Q  20 115  76  75   5   6   1  0.732  0.392 
 257 Q  53   6   5  79 117   3   1  0.466  0.280 
 258 I  51  40   3  34   5   5   1  0.526  0.372 
 259 M  17  82 117  38  57   7   1  0.204  0.113 
 260 N 117  58  82   6  35   5   1  0.189  0.028 
 261 A  53  36  70   3  73   9   2  0.661  0.525 
 262 E  20  75   6  53 115   6   1  0.441  0.340 
 263 N  81  53 117 115   6   9   1 -0.039  0.005 
 264 Q  72 117  82 115   1  12   1  0.002  0.014 
 265 H  56  36  69  58  73  13   1  0.342  0.251 
 266 R  70  57  15  42  52   9   1  0.350  0.239 
 267 H  71  58  20  53 120   9   1  0.593  0.397 
 268 Q   1  72   6  17  67  11   2  0.390  0.342 
 269 P  43  40  68  47  70   6   1  0.320  0.232 
 270 Q  70  47  69  36  73  11   2  0.706  0.554 
 271 Q  54  71  36  40  75  12   1  0.411  0.527 
 272 S  72  17  82  20 120   9   1  0.580  0.318 
 273 S  73  20  88  89  72  11   2  0.665  0.830 
 274 K  38  36  73  40  87  14   1  0.358  0.714 
 275 K  73  36  75  20  23  11   1  0.496  0.487 
 276 H  86   5  37  40  67  14   1  0.595  0.487 
 277 N  44  27  24  20  68  14   1 -0.102 -0.076 
 278 E  24  23  27  39  21  14   0 -0.342 -0.271 
 279 Y  40  41  24  23  22  15   0 -0.524 -0.336 
 280 V  23  27  25  26  41  16   0 -0.519 -0.330 
 281 K  25  24  23  27  26  15   0 -0.507 -0.326 
 282 I  26  24  25  23  42  16   0 -0.494 -0.315 
 283 I  24  25  98  27  14  13   0 -0.409 -0.256 
 284 K  97  41  25  27  70  15   0 -0.284 -0.195 
 285 E  25  23  24  42  41  15   0 -0.497 -0.309 
 286 F  25  24  80  69  55  14   0 -0.351  0.229 
 287 V  16  88  12  55  82  12   1  0.177  0.802 
 288 A  35  45  83  17  27  12   2  0.524  0.459 
 289 T  45 111  14  23 119  12   1  0.321  0.278 
 290 E  53 112  37  75 120  12   2  0.978  0.708 
 291 R  20  66  38 112  44  11   2  0.596  0.412 
 292 K  39  67  54  21  36  14   1  0.123  0.217 
 293 Y  68  40  22  23  24  15   0 -0.482 -0.292 
 294 V  68  23  88  41  35  14   1 -0.039  0.104 
 295 H  20  41  25  27  24  15   0 -0.323 -0.174 
 296 D  48  23  24  26  25  15   0 -0.056 -0.176 
 297 L  23  24  25  68  59  16   0 -0.393 -0.318 
 298 E  41  23  25  44  27  15   0 -0.328 -0.201 
 299 I  23  39  24  41  45  14   1 -0.123 -0.122 
 300 L  23  28  24  72  40  13   0 -0.304 -0.224 
 301 D  23  41  26  42  25  15   0 -0.506 -0.320 
 302 K  41  25  44  27  23  16   0 -0.328 -0.201 
 303 Y  24  42  23  59  27  14   0 -0.410 -0.360 
 304 R  24  23  42  41  26  11   0 -0.510 -0.383 
 305 Q  43  70  44  69  41  12   1  0.139  0.042 
 306 Q  42  44  45  70  71  10   2  0.406  0.302 
 307 L  28  42  72  16  46  11   1  0.231  0.327 
 308 L  88 111  46  55 120  12   1  0.548  0.998 
 309 D  30  47  73  36  48   8   2  1.038  0.739 
 310 S   5  70  30  53  52   8   2  0.716  0.505 
 311 N  70  75   5  16  54  10   2  0.967  0.763 
 312 L  54  49  16  81  43   4   2  0.338  0.516 
 313 I  35  82  17 117  72  12   1  0.314  0.236 
 314 T  36  73  64   2  34  19   2  0.538  0.468 
 315 S  65  19  37  74 119  15   2  0.607  0.646 
 316 E  20  66  75  86  53  16   2  0.908  0.839 
 317 E  67  21 120  53   6  14   1  0.398  0.246 
 318 L  68  22  40 115  76  17   1 -0.179 -0.107 
 319 Y  97  96  41 115  52  13   0 -0.278 -0.247 
 320 M  93   5  78  44 107  16   2  0.421  0.163 
 321 L  55  59 108 117  79  12   0 -0.184  0.305 
 322 F  12  98  54 115  81  11   0 -0.365 -0.190 
 323 P  82  35  12  63  44   8   1  0.004  0.011 
 324 N 120  53  64  45 119  10   2  0.737  0.524 
 325 L  65  14  37 112  15  11   2  0.708  0.479 
 326 G  20  75  66  89  77  15   2  0.722  0.814 
 327 D  21 120  39  67   2  14   1  0.293  0.198 
 328 A  40  68   3  22  80  19   0 -0.223 -0.200 
 329 I  88  23  90  42  12  17   1  0.040  0.150 
 330 D  44  39  24  54  23  13   1 -0.017 -0.008 
 331 F  45  35  23  82  72  16   1  0.264  0.135 
 332 Q  23  41  24  53  46  13   1 -0.076 -0.021 
 333 R  65  23  41  25  27  15   0 -0.293 -0.172 
 334 R  25  24  23  20  66  16   1 -0.071 -0.002 
 335 F  23  24  42  25  21  16   0 -0.427 -0.272 
 336 L  68  22  26  69  41  16   0 -0.383 -0.266 
 337 I  44  25  27  41  23  15   0 -0.328 -0.201 
 338 S  24  23  25  53  27  17   0 -0.276 -0.107 
 339 L  42  23  28  24  41  15   0 -0.485 -0.334 
 340 E  69  44  26  28  42  18   1 -0.191 -0.166 
 341 I  70  45  42  44  30  15   2  0.409  0.291 
 342 N  71  28  42  53 120  15   1  0.286  0.301 
 343 A  69  46  43  72  88  15   2  0.431  0.379 
 344 L  54  89 117  43  70  17   2  0.354  0.586 
 345 V  51  48  31  36  30  12   2  0.660  0.724 
 346 E  46   5  32  37  31   9   2  0.856  0.584 
 347 P  38  49  76 112  86  13   2  0.862  0.737 
 348 S   1  76  36 115 107   9   1  0.067  0.134 
 349 K  68  40   3  36  51   7   1  0.064  0.337 
 350 Q  77  88  44 115  94   7   1  0.144  0.312 
 351 R  48  93 117  45  38   9   2  0.678  0.463 
 352 I  40  22  68  55  24  12   0 -0.418  0.253 
 353 G  68  41  11  57  26  15   0 -0.423 -0.345 
 354 A  41  25  23  20  27  14   0 -0.335 -0.190 
 355 L  24  23  25   1  59  14   0 -0.280 -0.159 
 356 F  23  42  40  24  41  15   0 -0.512 -0.357 
 357 M  44  69  41  27  24  13   1 -0.223 -0.208 
 358 H  45  44  43  24  23  16   1  0.116  0.068 
 359 S  23  45  24  16  42  16   1  0.082  0.179 
 360 K  46  28  88 112  41  13   1  0.310  0.304 
 361 H  44  47   2  89  70  12   2  0.741  0.773 
 362 F  45  74  48   5  24  17   1  0.886  0.527 
 363 F  75  42   5  46  31  12   2  0.725  0.484 
 364 K  44  51  90  88  32  14   2  0.665  0.792 
 365 L  45 107  74  56  51  14   1  0.273  0.517 
 366 Y  57  48  40  28  41  10   1  0.052 -0.111 
 367 E  69  41  14  58  23  11   0 -0.140 -0.233 
 368 P  12  20  43 108  25  15   1 -0.193  0.009 
 369 W  45  16  42  82 120  16   1  0.528  0.418 
 370 S  28  55  68  88   3  12   1  0.132  0.591 
 371 I  43  44 111  70  47  13   2  0.652  0.480 
 372 G  48   1  45  36   2  12   2  0.733  0.609 
 373 Q   3   5  31  37  65   8   2  0.827  0.420 
 374 N  38  44  66  54  90  11   2  0.603  0.487 
 375 A  38  39 120  48  74  15   2  0.808  0.552 
 376 A  23  40  68  39  36  18   1 -0.234 -0.050 
 377 I  41  23   3  25  40  19   0 -0.265 -0.235 
 378 E  23  25  41  44  42  14   0 -0.315 -0.190 
 379 F  23  24 107 108  45  16   0 -0.233 -0.237 
 380 L  28  23  72  42  40  14   0 -0.289 -0.189 
 381 S  44  41  23  43  70  13   1  0.030 -0.014 
 382 S  45  71  25  30  42  16   1  0.205  0.297 
 383 T  23  31  72  46  88  13   1  0.402  0.357 
 384 L  73  90 120  38  67  14   2  0.706  0.501 
 385 H  39  22  48  36  47  12   1  0.644  0.432 
 386 K  23  41  25  68   5  13   1 -0.095 -0.107 
 387 M  25  23  41  24  27  14   0 -0.510 -0.319 
 388 R 115  24  41  23  42  14   0 -0.511 -0.370 
 389 V  23  24  25  42  41  15   0 -0.497 -0.309 
 390 D  44  41  28  25  69  13   1 -0.206 -0.131 
 391 E  42  44  45  70  24  15   1  0.215  0.109 
 392 S  28  72  45  24  69  14   1  0.107  0.028 
 393 Q  43  88  70  75  47  12   2  0.940  0.738 
 394 R  71  47  44  43  30  14   2  0.651  0.540 
 395 F   5  72  70  33  71   8   2  0.663  0.445 
 396 I  46 120  88  86  55   6   2  0.757  1.212 
 397 I  76  70  47  88  48  10   2  1.176  0.655 
 398 N  31  48  30  74  46  13   2  0.846  0.658 
 399 N  93  70   6  48  79   9   2  0.660  0.365 
 400 K  48   5  32  94  93  13   2  0.828  0.613 
 401 L 115  35  51  49  59   8   1  0.082  0.358 
 402 E  34  50  81  89  54   7   1  0.291  0.479 
 403 L  56  14 117  96  19  12   1  0.019  0.019 
 404 Q  57  75  52  20  48  15   2  0.793  0.423 
 405 S  58  94  98  75  59  10   0  0.076  0.014 
 406 F  59 107  54  28  22  14   0 -0.217 -0.178 
 407 L  97 107  96  59 115  12   0 -0.400 -0.501 
 408 Y  51  56 107 115  43  12   1 -0.129  0.120 
 409 K  97  44  98  99 108  10   0 -0.360 -0.362 
 410 P  58 120  14  98  46  10   1  0.300  0.089 
 411 V  14 111  57 112 119  10   1  0.453  0.337 
 412 Q  75  83  54 116 111   9   2  0.595  0.480 
 413 R  48  21 119 120  70   9   2  0.818  0.358 
 414 L  51  56  55  68  45   8   1  0.132  0.823 
 415 C  46  51  90 111 112   8   1  0.629  0.731 
 416 R  48  74  38  97 119  14   1  0.617  0.432 
 417 Y  48  40 119  59  23  13   1  0.262 -0.038 
 418 P  51  94  41  37  95   8   1 -0.042  0.333 
 419 L  38  51  44  24   8  12   1 -0.034  0.254 
 420 L  24  39  45  64  23  13   1  0.024 -0.031 
 421 V  14  23  41  40  24  13   0 -0.411 -0.298 
 422 K  41  23  57  75  52  15   1  0.141  0.100 
 423 E  53  58  24  23 120  17   1  0.215  0.059 
 424 L  42  28  80  55  24  16   0 -0.421  0.199 
 425 L  69  28  42 116  44  17   1 -0.114 -0.145 
 426 A  70  44  43  45 116  15   2  0.414  0.226 
 427 E  45  71   5  82  16  12   2  0.758  0.559 
 428 S  46  31  72 118  54  13   2  0.525  0.480 
 429 S 112  43  73  70  82  10   1  0.591  0.350 
 430 D  48 119 120  45  73   8   2  1.138  0.660 
 431 D  16  72  17 120  35   7   2  0.762  0.711 
 432 N  17  38  90   3  76   5   2  0.791  0.448 
 433 N  38  18   3   2  73   6   2  0.698  0.573 
 434 T   3  68  19  48  37   9   2  0.637  0.282 
 435 K  20  38  50  93  75  15   2  0.525  0.550 
 436 E  21  40  67  38  39  15   1 -0.076 -0.049 
 437 L  68   3  40  22  19  15   1 -0.054 -0.012 
 438 E  20  23  24  25  41  15   0 -0.337 -0.215 
 439 A  41  26  23  25  24  13   0 -0.521 -0.355 
 440 A  23  24  22  27  26  17   0 -0.507 -0.333 
 441 L  23  41  24  25  26  16   0 -0.521 -0.355 
 442 D  41  44  24  26  25  17   0 -0.327 -0.220 
 443 I  25  24  27  45  26  15   0 -0.203 -0.100 
 444 S  23  24  25  41  42  17   0 -0.497 -0.309 
 445 K  41  23  27  25  26  16   0 -0.519 -0.330 
 446 N  24  25  27  26  41  15   0 -0.507 -0.314 
 447 I  24  25  42  23  27  18   0 -0.483 -0.280 
 448 A  69  41  28  24  23  17   0 -0.403 -0.328 
 449 R  70  44  26  25  27  17   1 -0.095 -0.060 
 450 S  24  25  27  45  71  18   1 -0.003  0.104 
 451 I  72  23  46  63  24  15   1 -0.027 -0.058 
 452 N  73  47  27  69  26  13   1  0.332  0.213 
 453 E  44  24  27  74  70  11   1  0.157  0.220 
 454 N  24  71  23  34 120  13   1  0.275  0.104 
 455 Q  23  17  72  88  67  18   1  0.328  0.301 
 456 R  68  44  73  24  41  14   1  0.012  0.021 
 457 R  45  24  36  23  19  13   1  0.093  0.202 
 458 T  23  41  25  24  19  12   0 -0.356 -0.172 
 459 E  88  25  27  24  23  15   0 -0.230 -0.036 
 460 N  24  68  73  48  36  11   1  0.444  0.305 
 461 H  23  41  25  27  24  13   0 -0.510 -0.319 
 462 Q  24  23  41  25  27  15   0 -0.510 -0.319 
 463 V  24  23  27  26  25  14   0 -0.507 -0.326 
 464 V  24  23  25  26  27  12   0 -0.507 -0.326 
 465 K  23  42  24  41  25  14   0 -0.497 -0.309 
 466 K  24  41  42  25  23  15   0 -0.497 -0.309 
 467 L  42  24  25  27  23  13   0 -0.483 -0.280 
 468 Y  41  42  28  24  69  13   0 -0.376 -0.277 
 469 G  44  41  70  43  69  13   1  0.139  0.042 
 470 R  45  72  71  44  48  14   2  0.820  0.434 
 471 V  46  72  42  69  28  16   1  0.049  0.031 
 472 V  70  47  69  44  55  15   2  0.486  0.723 
 473 N   5  45  47  71  44  12   2  0.989  0.623 
 474 W  72   5  34  46  45  10   2  0.853  0.425 
 475 K   2  76  72  73   1   8   2  0.640  0.549 
 476 G  76   3  19  51  48   9   2  0.806  0.573 
 477 Y   5  75  48 115  20  10   1  0.885  0.399 
 478 R 107  54   6  34  50  11   1  0.223  0.079 
 479 I  87  55  56  82  86   7   1  0.403  1.091 
 480 S  35  88  44  82  89   9   1  0.453  0.640 
 481 K 120  45  34 117   2  11   2  0.639  0.397 
 482 F  65  72  14  76  74   7   2  0.583  0.479 
 483 G  53  75  20  57  73   9   2  0.681  0.540 
 484 E  21  33  75  44 105  11   2  0.422  0.302 
 485 L  79  59  40  50 107   8   0 -0.232 -0.243 
 486 L  81  88 116  55 115  12   1 -0.111  0.441 
 487 Y  51 117  88  82  45  12   1  0.361  0.531 
 488 F  48 103  14  74  30  13   2  1.000  0.762 
 489 D  53  93   5  58  57  11   1  0.576  0.365 
 490 K  53  58  10  57  25  14   1 -0.066 -0.118 
 491 V   7 115  59 114  79  12   1  0.063 -0.073 
 492 F   7  28  60   8  98  14   0 -0.473 -0.378 
 493 I  97  69  61  70 108  14   1 -0.186 -0.240 
 494 S  13  12  82  11  43  14   0 -0.292 -0.201 
 495 T  46  99  98 101  13  12   0 -0.273 -0.209 
 496 T  14 112  13  47  72  13   1  0.583  0.357 
 497 N  14  69 102  85 112   7   1  0.799  0.545 
 498 S  86  17 112   1 119   5   2  0.857  0.829 
 499 S  86  85  17  43   2   7   2  1.062  0.991 
 500 S  86  49  72  76  17   4   2  0.846  0.746 
 501 E  88  35  17  89   3   8   2  0.695  0.835 
 502 P  48  76  45  34  73  15   2  1.111  0.520 
 503 E   5   3  48  93  74  11   2  1.050  0.664 
 504 R  68  48  79  86  90  13   2  0.772  0.515 
 505 E  76  48  94 106  97  13   1  0.299  0.109 
 506 F  59   8 107  97 115  15   0 -0.473 -0.468 
 507 E  97   9  58  59  95  14   0 -0.218 -0.426 
 508 V 107  98  59  96  81  14   0 -0.422 -0.523 
 509 Y  12  44 108  81  13  13   0 -0.312 -0.165 
 510 L 109 101  13  45  23  12   0 -0.147 -0.107 
 511 F  14 102 111  64  82  12   1  0.219  0.163 
 512 E  15  52 119  53 111  15   2  0.656  0.603 
 513 K  53  58  94  75 119  15   1  0.509  0.482 
 514 I  58 114  75  59 105  16   1  0.564  0.190 
 515 I   7 116  51  59  69  12   1 -0.050  0.042 
 516 I 107  97  70   8  56  14   0 -0.200 -0.242 
 517 L  97 108  23  71  12  16   0 -0.343 -0.172 
 518 F  63  46  12  55  98  14   1 -0.228  0.347 
 519 S  83  53  57  12 112  13   1  0.387  0.300 
 520 E 120  83  63 112 119  10   2  0.742  0.451 
 521 V 120  85 119  83  71  12   2  1.131  0.822 
 522 V  85 120  17 111  86  10   2  1.229  1.057 
 523 T  86  47  85 120  71   8   2  1.415  1.129 
 524 K  48  46   4  30   5   7   2  1.095  0.568 
 525 K  46  31  86  51 112   2   2  0.772  0.920 
 526 S  73  47  48  76  90   3   2  1.287  0.703 
 527 A  48  76   4  19  57   9   2  0.852  0.401 
 528 S  79 115  38  58  20  11   1  0.113  0.015 
 529 S  58  97   9  95  96  11   0 -0.240 -0.415 
 530 L 115 107  59  20  99  13   0 -0.285 -0.386 
 531 I   9  13  70  81  96  15   0 -0.261 -0.291 
 532 L  98  61  14 117 109  13   0 -0.346 -0.311 
 533 K  57  11  12  72  70  12   1 -0.049 -0.075 
 534 K  58 119  98 111  45  11   1  0.340  0.189 
 535 K  75   6  48  73 119   5   2  1.058  0.622 
 536 S  16  79   6  95  54  10   1  0.381  0.378 
 537 S  55  90 107 115   6   7   1 -0.009  0.383 
 538 T  48  82  79   9  56  10   1  0.228 -0.110 
 539 S  74  51   6  98  10  13   1 -0.044  0.256 
 540 A  57  70  75  96   9  14   1  0.184  0.002 
 541 S  98  53  58  10   5  15   1  0.178 -0.088 
 542 I  98  80  57  59  11  12   0 -0.406 -0.454 
 543 S  96  98  60  10  58  15   0 -0.388 -0.547 
 544 A  99  97  58  98  61  18   0 -0.392 -0.492 
 545 S  98  12  57 108  99  15   0 -0.469 -0.367 
 546 N 120  12  13  99 109  15   0 -0.164 -0.154 
 547 I  82  71 102  87  12  12   1  0.203  0.493 
 548 T  72 120  82  83  47   9   2  0.843  0.441 
 549 D  84  83   2  54  16   7   2  0.888  0.822 
 550 N 102  85  87  18   1   6   2  0.932  1.150 
 551 N  20 120 103  85  17   5   2  1.340  0.970 
 552 G   3  82  17  67  19   4   1  0.394  0.186 
 553 S  87  36 117  68  76   6   1  0.294  0.576 
 554 P   3  34  86  72   6   5   2  0.767  0.436 
 555 H   3  38 117  90  87   7   1  0.530  0.585 
 556 H  20 117  21  73  53   7   1  0.331  0.306 
 557 S   3 117  68  55  79  10   1  0.024  0.431 
 558 Y   6   3  73  60  79   9   1  0.346  0.108 
 559 H  44  98  24  65  73  10   1  0.173  0.083 
 560 K  79   5  52  45  24  13   1  0.484  0.281 
 561 R   6  72  79  53  58  12   1  0.373  0.179 
 562 H  42  43  14  69   6  14   1  0.056  0.031 
 563 S  20  70 107  38  42  13   1  0.058 -0.017 
 564 N  79  58  70   5  52   9   1  0.574  0.242 
 565 S   6  81   5  43  71   6   1  0.409  0.260 
 566 S  43  72  28  82  44  10   1  0.148  0.045 
 567 S  70  64  47  34  45  12   2  0.835  0.431 
 568 S  37  71  45   5  19   8   2  0.765  0.576 
 569 N  57  20  58  46   5   8   1  0.551  0.212 
 570 N  58   1  53   6 115  12   1  0.200  0.166 
 571 I 115   6  57  80  40  15   0 -0.252 -0.228 
 572 H  60 115  42  81  38  12   0 -0.329 -0.245 
 573 L  82 117 107  61  43   9   0 -0.214 -0.265 
 574 S  72  70 117  36  55  13   1  0.186  0.691 
 575 S  53  73  16  46  37   5   2  0.763  0.782 
 576 S  17  48 119  47  45  10   2  1.197  0.708 
 577 S  46   2  36  75   1  10   2  0.579  0.685 
 578 A   3  18  25  73  37  12   1  0.579  0.493 
 579 A  68  20  38  19  24  13   1  0.035  0.096 
 580 A  41 115  21  79  20  12   1 -0.170 -0.141 
 581 I  40  25  97  22  24  16   0 -0.500 -0.275 
 582 I  42  23  41  24  25  13   0 -0.497 -0.309 
 583 H  23  24  70  25  26  14   0 -0.291 -0.219 
 584 S  26  41  25  24  23  14   0 -0.521 -0.355 
 585 S  24  23  25  41  26  16   0 -0.521 -0.355 
 586 T  24  23  42  41  63  15   0 -0.437 -0.331 
 587 N  24  41  26  87  82  14   0 -0.170  0.070 
 588 S  42  27  45   1  19  14   1  0.117  0.252 
 589 S  20  24  42  86  37  12   1  0.307  0.366 
 590 D  88  17  73  46  69  14   2  0.661  0.593 
 591 N   3  30  40  43  36  13   1  0.245  0.270 
 592 N  45  73  68  22   4  12   1  0.472  0.395 
 593 S  23  46  32  25  38  13   1  0.170  0.209 
 594 N  70  24  25   2  43  14   1  0.065  0.141 
 595 N  23  48  26  73  24  13   1  0.245  0.016 
 596 S  88  23  27  25  26  14   0 -0.239 -0.047 
 597 S  24  25  26  41  20  11   0 -0.334 -0.210 
 598 S  23  26  53  24  43  15   1 -0.145 -0.063 
 599 S  26  69  24  41  25  17   0 -0.412 -0.298 
 600 S  70  41  44  25  23  15   1 -0.112 -0.094 
 601 L  24  98   1  53  27  15   1 -0.163 -0.008 
 602 F  42  59  41  25  24  13   0 -0.409 -0.310 
 603 K  44  88  69  70  73  11   2  0.577  0.437 
 604 L  45  43  30  70 117  12   2  0.423  0.349 
 605 S  53  31  46  43  30  11   2  0.515  0.502 
 606 A  43  86  88  14  53   4   2  0.637  0.734 
 607 N  57  70  49  20  89   8   2  0.413  0.570 
 608 E   6  36   5  33  53   4   2  0.604  0.531 
 609 P  87  57  55  34  28   2   1  0.172  0.797 
 610 K 115  89  56  86  88   9   1  0.479  0.800 
 611 L 117  74  61  70  71   7   1  0.219  0.311 
 612 D   5  72  53  71  87   4   2  0.746  0.802 
 613 L   6 115  57  88  86   9   1  0.416  0.451 
 614 R  58  70  47  73  75   7   2  0.994  0.612 
 615 G  53 120 117  71   1   2   2  0.462  0.494 
 616 R  58  72 117  16   6   4   1  0.382  0.289 
 617 I  89  17  56 117  61   5   1  0.165  0.390 
 618 M  57  52  79 117  47   8   1  0.398  0.284 
 619 I  58  53  94  91 104  13   1  0.468  0.377 
 620 M 115  59  10  58   6  10   0 -0.151 -0.352 
 621 N  60  98  11  58   6   9   0 -0.244 -0.375 
 622 L  96  97  98 117  10  10   0 -0.480 -0.495 
 623 N  57  11  97  80 108  13   0 -0.444 -0.384 
 624 Q  58  71  99  98  61  10   0 -0.197 -0.276 
 625 I  72  63  43  98  71  11   1  0.065  0.064 
 626 I 117  13 120  83  82  13   1  0.304  0.128 
 627 P  84  47 118  89 102  14   2  0.951  0.986 
 628 Q 103  85   5 102 119   8   2  1.391  0.968 
 629 N 120 103 113 104  85   8   2  1.700  1.110 
 630 N  86  76 105 113  87  12   2  1.088  0.986 
 631 R  33 115  77  90   7  14   1  0.225  0.196 
 632 S  96   8   7 106  95  13   0 -0.236 -0.261 
 633 L  80   8  79  97 108  12   0 -0.412 -0.289 
 634 N  58  98  81   9  97  14   0 -0.435 -0.485 
 635 I  99  98  61  10  11  11   0 -0.652 -0.640 
 636 T  11 109  98  58  10  14   0 -0.456 -0.538 
 637 W 109  16  14 110  99  13   1 -0.033 -0.012 
 638 E 102 109 111  43  53   9   1  0.250  0.317 
 639 S   1  85  13  43  71   3   2  0.585  0.600 
 640 I   1  87  85   2  71   4   2  0.849  1.078 
 641 K  85  17  72  71  88   3   2  1.003  0.857 
 642 E   1  55  72  86  17   4   2  0.543  1.091 
 643 Q   5  73   3  72  34   3   2  0.907  0.385 
 644 G  73   6  20  68  79   4   1  0.303  0.229 
 645 N  38  57 115  20  79  10   1  0.050  0.029 
 646 F  60   1  23   6  42  10   1 -0.182 -0.112 
 647 L   6  60  40   8  42  10   0 -0.344 -0.252 
 648 L  70  42  61  79  44   9   1  0.025 -0.041 
 649 K  70 117  44  53  42  13   1  0.209  0.174 
 650 F 117  72  43   5  45  12   2  0.591  0.358 
 651 K  70  88  53   6  43  13   2  0.535  0.479 
 652 N  71  70  47  19 112  10   2  0.816  0.599 
 653 E   5  72  88  87  20   4   2  0.775  0.809 
 654 E  86  72  88  46  17   4   2  0.833  0.821 
 655 T  87  17  89  74  36  10   2  0.627  1.288 
 656 R 103   5  48  47  36   8   2  1.408  0.865 
 657 D  20 113  91   4  90   8   2  1.126  0.578 
 658 N   6  33 114   4  79   9   2  0.597  0.410 
 659 W 115  79  95  76   7  11   1  0.087 -0.054 
 660 S 115   8  96  27  40  13   0 -0.476 -0.325 
 661 S  25  10  26  27  98  14   0 -0.597 -0.457 
 662 C  10 107 117  41  98  14   0 -0.567 -0.539 
 663 L  28  26  23  61  24  15   0 -0.506 -0.402 
 664 Q  26  44  25  27  88  14   1 -0.046  0.087 
 665 Q  45  30 120  26  24  14   1  0.319  0.210 
 666 L  72  43  24  14  86  10   1  0.343  0.373 
 667 I  69  90  41  47  57   7   1  0.413  0.196 
 668 H  44  70  33  47  27  14   2  0.504  0.361 
 669 D  71   5   7  45  50   8   1  0.557  0.386 
 670 L  72  46  55   8  82   8   1  0.055  0.480 
 671 K  47  73  88  57  97   8   1  0.605  0.467 
 672 N  61  53   5  44  73   8   2  0.595  0.365 
 673 E  79   6  70  16  75   9   2  0.661  0.557 
 674 Q 117  81  98 115  67   9   0 -0.371 -0.287 
 675 F  56  57  96  39 107  13   0 -0.140 -0.255 
 676 K  97  70   9  61  58  12   0 -0.190 -0.337 
 677 A   5   6  98  70  10  11   1  0.185 -0.098 
 678 R  53   6  12  10  69  10   1 -0.093 -0.092 
 679 H 116  69  76  58  98  10   1  0.097 -0.180 
 680 H  88  82  69 117  87   8   1  0.279  0.472 
 681 S  52  58 120  90  15  11   2  0.805  0.476 
 682 S  53  58  71  61  48   4   1  0.528  0.201 
 683 T   6  86  76 112  88   2   1  0.940  0.763 
 684 S 115  55 116  96  12   2   0 -0.359  0.185 
 685 T  56  61  58  55  18   2   1  0.108  0.511 
 686 T  16 120 118  85  14   5   2  0.986  0.862 
 687 S  58  86 103   3  72   3   1  0.984  0.637 
 688 S   1 104  76  53  58   2   1  0.619  0.452 
 689 T  76  73  53 115  58   7   1  0.488  0.285 
 690 A 115  79  11 116  53   4   1 -0.140 -0.115 
 691 K 117  43  17  98  61   2   1 -0.063 -0.027 
 692 S   1  10  61  11  73   4   1 -0.154 -0.093 
 693 S  57  88   3  61  98   4   1  0.085 -0.040 
 694 S  53  10  70  99 107   9   1 -0.149 -0.256 
 695 M   5  54  58  53   1   5   2  0.627  0.457 
 696 M   6 115  10  98  60   6   0 -0.440 -0.473 
 697 S  70  11  57  60  56   4   1 -0.103 -0.205 
 698 P  97 117  58  10  98   7   0 -0.371 -0.448 
 699 T  98  58  53 107   8   8   0 -0.190 -0.234 
 700 T  58 115  60  69  53  11   1 -0.030 -0.144 
 701 T  98 117  53  61  71   6   1 -0.063  0.004 
 702 M  82 117  45  35  12   8   1  0.114  0.130 
 703 N  53  16  82 120  72   6   2  0.639  0.506 
 704 T 117  82 118 112  73   8   1  0.465  0.329 
 705 P  20 103  73 102 112   3   2  0.973  0.742 
 706 N  73  53   3  85 112   2   2  1.181  0.789 
 707 H   3  17  87  86  20   9   2  0.829  0.926 
 708 H  20  17  38  88  85   9   2  0.957  0.811 
 709 N   3  39  38   2  34   3   2  0.477  0.216 
 710 S  79   6   3  40  19   9   1  0.197  0.086 
 711 R  96  20  44  93   3   8   1  0.374  0.201 
 712 Q  34   5  45  87  38   6   2  0.848  0.729 
 713 T   6  34  42   3  73   7   1  0.514  0.202 
 714 H  52  57  89  53   5   8   2  0.617  0.673 
 715 D  53  75  52  57  58   4   1  0.550  0.368 
 716 S  58  53  79  10  11   8   1 -0.098 -0.183 
 717 M  98  10  57  96  59   6   0 -0.364 -0.504 
 718 A  56  57  11  61  70   6   1 -0.101 -0.185 
 719 S  16  71  81 117  62   6   1  0.043  0.209 
 720 F  82  63 117  72  87   8   1  0.174  0.320 
 721 S  73  70  64 120  88   9   2  0.766  0.579 
 722 S  19  65  71  74  37  14   2  0.550  0.647 
 723 S  20  66  38  85 103  11   2  1.158  0.880 
 724 H   1  67  21  76   2   6   2  0.301  0.273 
 725 M  68  86  40  19  22  12   1  0.065  0.293 
 726 K  44 116  90  77  69   8   1  0.346  0.138 
 727 R  58   8 120   5  97   9   1  0.368  0.069 
 728 V  87   6  59  80  97  12   1 -0.015  0.126 
 729 S  96  60  69 107  90   9   1 -0.084 -0.266 
 730 D  61  58  70  83  99   9   1  0.145 -0.096 
 731 V  71  53  16  98  80   9   1  0.149  0.283 
 732 L  88  55  72 112  81   9   1  0.338  0.754 
 733 P  70  57 117  73 112   9   1  0.507  0.321 
 734 K  53 117  57 119  36   2   1  0.291  0.358 
 735 R   6  57  86  53  58   5   1  0.544  0.418 
 736 R  94  17  76  90  53   2   2  0.586  0.566 
 737 T  17 115  56  87  18  11   1  0.401  0.663 
 738 T  36  96   3  60  97   4   0 -0.045 -0.146 
 739 S  58  61  65  40 117   7   0 -0.069 -0.143 
 740 S  20 118  38 103  66   6   2  0.758  0.645 
 741 S  98   6 117  21  99   7   0 -0.247 -0.275 
 742 F  87  73  18  61  57   7   1  0.418  0.636 
 743 E  43  49  58  16  19   6   2  0.450  0.518 
 744 S  89  50  71  72  84   4   2  0.650  0.780 
 745 E  53   6   1   3 120   6   2  0.640  0.432 
 746 I  86  53   1  76  73   4   2  0.857  0.839 
 747 K  53 115   5  57   6   5   1  0.381  0.180 
 748 S  70 108   6 115  58   6   1  0.057 -0.083 
 749 I  60 117  56  72  55   5   1 -0.071  0.368 
 750 S  69 117  88  89  61  10   1  0.141  0.402 
 751 E  61  70  57 117  47   5   1  0.310  0.130 
 752 N  53   5 120  58  57   8   1  0.713  0.327 
 753 F   6  86  72  59  53   6   1  0.553  0.433 
 754 K  47  69  90 106  89   3   1  0.586  0.605 
 755 N  43  71   1  70  96   2   2  0.261  0.271 
 756 S  79  17  72   5  71   3   2  0.659  0.444 
 757 I  86  81  17  55  71   2   1  0.399  0.969 
 758 P  89  87 103  88  76   5   2  1.014  1.318 
 759 E  36 104  57  53 113   5   1  0.780  0.594 
 760 S  58 105 104 114  75   6   1  0.770  0.434 
 761 S 106   6  59  95 105  10   1  0.048 -0.162 
 762 I  96  56 106   7 107  11   0 -0.225 -0.311 
 763 L  97  11   8  10 117  10   0 -0.553 -0.447 
 764 F  10  11  98  99  97  10   0 -0.647 -0.636 
 765 R  53  10  58  61  98  15   0 -0.218 -0.313 
 766 I  98  10  99  12  69  13   0 -0.538 -0.500 
 767 S  11 109  60  12 117   8   0 -0.494 -0.373 
 768 Y 109  13  61  70  84   7   1  0.186  0.035 
 769 N 103  71 102  85  53   8   2  1.168  0.978 
 770 N  85 103  88  53  72   6   2  1.248  1.010 
 771 N  85   2  70 113  33   7   2  1.173  0.808 
 772 S  86  76 113  89  85   7   2  1.495  1.297 
 773 N  88  70  75 107  90   6   1  0.632  0.438 
 774 N  71  86  81  17 120   8   2  0.680  0.654 
 775 T  72  86  35  87  18  11   2  0.776  1.072 
 776 S  73  89  36   2  38  14   2  0.530  0.854 
 777 S  65  38 119  73  19  13   2  0.600  0.523 
 778 S  57  66  75   9  93  16   1  0.362  0.338 
 779 E  21  67  10  79   9  15   1 -0.349 -0.363 
 780 I   9 106  10  95  97  12   0 -0.474 -0.514 
 781 F  96  10 107  98   9  14   0 -0.631 -0.681 
 782 T   9  97  10  95  11  12   0 -0.559 -0.579 
 783 L  10  98  99  25  23  14   0 -0.612 -0.530 
 784 L  98 109  99  11  10  13   0 -0.629 -0.621 
 785 V  14  11  10 109  98  12   0 -0.503 -0.484 
 786 E 111  83  14  69 110  13   1  0.226  0.118 
 787 K 119  75  15  70 120  11   2  1.002  0.668 
 788 V  16  71  54   1 120   7   2  0.659  0.756 
 789 W  17  35 116  88  72  10   2  0.485  0.448 
 790 N   2  36  64  18  45  15   2  0.544  0.601 
 791 F  37  19   1  65  74  13   2  0.503  0.651 
 792 D  20  66  75  93  57  16   2  0.603  0.539 
 793 D  67  21  24  25  38  14   1 -0.162 -0.076 
 794 L  40  22  24  27  68  16   0 -0.468 -0.252 
 795 I  41  23  28  69  27  14   0 -0.401 -0.304 
 796 M  27  70  25  41  23  14   0 -0.292 -0.187 
 797 A  27  26  71  41  25  14   0 -0.316 -0.121 
 798 I  24  46  42  25  63  14   1 -0.191 -0.069 
 799 N  53  41  83  47  26  15   1  0.414  0.286 
 800 S  44  70  27  47  25  14   1  0.344  0.242 
 801 K  45 120  25  24  34   9   1  0.391  0.201 
 802 I  56  86  69  76  43   7   1  0.550  0.441 
 803 S  70  57  90  77  89  10   2  0.532  0.582 
 804 N  71   5  44  48   4  14   2  1.055  0.518 
 805 T  55  87  72   6  34   8   2  0.425  0.937 
 806 H  88 112  72  73  42  10   1  0.602  0.507 
 807 N  89  47  44  73  69  10   2  0.735  0.746 
 808 N   5  52 119  70  15  10   2  0.871  0.541 
 809 N  71  95  54   6 120   6   2  0.515  0.361 
 810 I  17  96 106  72   6  10   1  0.242  0.095 
 811 S 107  77  73  96 115   7   1  0.032 -0.053 
 812 P  79  52  10  58  96  10   1 -0.041 -0.190 
 813 I   9  58  97  20   5  15   1  0.163 -0.114 
 814 T  10  99  98  59  60  13   0 -0.538 -0.642 
 815 K  11  60   9  53  98  14   0 -0.425 -0.385 
 816 I  98  80  11  99  14  14   0 -0.477 -0.440 
 817 K  12 109  70  81  11  17   0 -0.326 -0.255 
 818 Y  43  71  13  12  81  14   1 -0.160  0.027 
 819 Q 101  72  12 118  13  15   1 -0.102  0.053 
 820 D 102  84 112  83  89  16   2  0.935  0.901 
 821 E 103 102  84 119  85  15   2  1.436  1.060 
 822 D 103   5 104 113  85   8   2  1.753  1.093 
 823 G 114 113 105   6  51   5   1  0.777  0.614 
 824 D  33 114  58   7 106  10   1  0.257  0.108 
 825 F   7   8 115 106 107  14   0 -0.429 -0.356 
 826 V  60   8 108  96  59  14   0 -0.387 -0.407 
 827 V 108  81  61 117  98  15   0 -0.469 -0.364 
 828 L 117 100  82  99  13  17   0 -0.285 -0.291 
 829 G 109  63 118  12 111  11   1 -0.102  0.051 
 830 S 112  65 103 111  82  13   1  0.789  0.519 
 831 D  37  85 112  83 120  15   2  1.235  0.827 
 832 E  66 113   1  86 103  13   2  1.284  1.053 
 833 D  67  39   2   1  18  11   2  0.318  0.426 
 834 W  68  39   3  79  22  13   1  0.014 -0.036 
 835 N  40  68  60  95  22  14   0 -0.375 -0.290 
 836 V  27  25  24  41  39  17   0 -0.396 -0.228 
 837 A  24   9  41  25  23  14   0 -0.578 -0.416 
 838 K  41  42  23  25  24  15   0 -0.497 -0.309 
 839 E  41  24  25  26  42  15   0 -0.494 -0.304 
 840 M  24  12  25  27  23  14   0 -0.528 -0.278 
 841 L  28  55  69  72  13  16   1 -0.110  0.381 
 842 A  43  44  29 101  69  15   1  0.083  0.096 
 843 E  45  30  84 103  44  14   2  1.091  0.782 
 844 N  46   2  31  85  86  14   2  1.093  0.978 
 845 N 999 999 999 999 999 999 999 -9.999 -9.999 
 846 E 999 999 999 999 999 999 999 -9.999 -9.999 
 847 K 999 999 999 999 999 999 999 -9.999 -9.999 
 848 F 999 999 999 999 999 999 999 -9.999 -9.999 
 849 L 999 999 999 999 999 999 999 -9.999 -9.999 
 850 N 999 999 999 999 999 999 999 -9.999 -9.999 
 851 I 999 999 999 999 999 999 999 -9.999 -9.999 
 852 R 999 999 999 999 999 999 999 -9.999 -9.999 
 853 L 999 999 999 999 999 999 999 -9.999 -9.999 
 854 Y 999 999 999 999 999 999 999 -9.999 -9.999 