   1 M 999 999 999 999 999 999 999 -9.999 -9.999 
   2 T 999 999 999 999 999 999 999 -9.999 -9.999 
   3 H 999 999 999 999 999 999 999 -9.999 -9.999 
   4 N 999 999 999 999 999 999 999 -9.999 -9.999 
   5 I 999 999 999 999 999 999 999 -9.999 -9.999 
   6 H 999 999 999 999 999 999 999 -9.999 -9.999 
   7 D 999 999 999 999 999 999 999 -9.999 -9.999 
   8 N 999 999 999 999 999 999 999 -9.999 -9.999 
   9 I 999 999 999 999 999 999 999 -9.999 -9.999 
  10 S 999 999 999 999 999 999 999 -9.999 -9.999 
  11 Q  58  53  16  21  70   5   1  0.448  0.361 
  12 W  71  87  80  59 117   8   1  0.070  0.305 
  13 M  88  72  82  17 117   7   1  0.402  0.321 
  14 K  43  70  13  71  83   8   2  0.361  0.304 
  15 S  72   5  45  53 101   2   2  0.632  0.414 
  16 N 102  46  34  54 120   5   2  0.708  0.485 
  17 E 112  47  55  51  89   7   1  0.646  1.414 
  18 E  48 104  85  76   3  11   2  1.377  0.695 
  19 T  52  93 105  58  79   7   1  0.304  0.238 
  20 P  94  76 115  58  75  11   1  0.330  0.252 
  21 I 107   8   7  59 115  13   0 -0.398 -0.403 
  22 V   8 107  60  97  56  11   0 -0.429 -0.421 
  23 M  82 108 117  68  97  13   0 -0.297 -0.270 
  24 S  14  98  97  10  57  11   0 -0.382 -0.409 
  25 S  53  52 119  10  15  12   2  0.425  0.323 
  26 R  53 120  58  98  57  12   1  0.287  0.078 
  27 I  98  63  12  80 116  12   0 -0.442 -0.367 
  28 R 120 116  13  83  24   9   1  0.207  0.062 
  29 L  14  56 101  58  82  13   0  0.038 -0.107 
  30 A  12 102  57 112  46  12   1  0.299  0.260 
  31 R  88 112  15  83  44  11   2  0.869  0.633 
  32 N  48   2  50 120 102   9   2  0.782  0.499 
  33 L  72  28  86 112   3  11   1  0.668  0.469 
  34 E  90 103  88  77  70   8   2  0.967  0.745 
  35 N  48  58  53   5  56   9   1  0.854  0.312 
  36 H  59  79   5  93  33   9   1  0.443  0.318 
  37 V  96  54   7 116   8   7   1 -0.115 -0.113 
  38 H   8  56  51  96  97   7   0 -0.211  0.042 
  39 P  52  97 108  58  57   8   1 -0.044 -0.120 
  40 L  65  58  53  98  12   9   1  0.040 -0.006 
  41 M  80  55  65 115  16  11   1  0.035  0.612 
  42 Y  16 120  12  13  54  11   1  0.315  0.437 
  43 A  35  82  72  17 111  16   1  0.419  0.352 
  44 T 120  73  36  38   1  15   2  0.604  0.647 
  45 E  37  19  65  73  47  12   2  0.847  0.668 
  46 N  20  66  38  86  88  15   2  0.747  0.771 
  47 D  67  21  39  90  36  14   1  0.211  0.219 
  48 G  40  68  22   3  19  14   1 -0.054 -0.012 
  49 F  41  27  23  25  68  14   0 -0.480 -0.280 
  50 R  27  25  41  24  23  13   0 -0.510 -0.319 
  51 V  25  27  24  26  23  15   0 -0.507 -0.326 
  52 I  24  23  41  27  25  14   0 -0.510 -0.319 
  53 N  25  23  41  26  44  17   0 -0.339 -0.236 
  54 E  45  25  24  26  41  14   0 -0.218 -0.129 
  55 V  24  42  23  27  26  16   0 -0.495 -0.354 
  56 Q  69  26  41  43  82  14   1 -0.169 -0.211 
  57 D  44 119  70  27  47  17   2  0.588  0.371 
  58 A  45  71  16 101  42  11   1  0.314  0.448 
  59 L 102  46  35  72 112  11   2  0.605  0.489 
  60 P  47  90  77  51  70  10   2  0.777  0.744 
  61 N  48  58   4  94   5  15   1  0.842  0.394 
  62 F  79   6  59   5  78  13   1  0.429  0.037 
  63 E 115   7  97  60  58  11   0 -0.282 -0.373 
  64 L   8  98  71 107 115  11   0 -0.393 -0.286 
  65 M 108  99  80  12  63  11   0 -0.478 -0.345 
  66 R 109  13 120 108  64  11   1  0.016 -0.036 
  67 L  14  65  82 118  12  14   1  0.087  0.083 
  68 D  75  20  15 120 118  13   2  0.886  0.657 
  69 Q  16 120  54  71  65  13   2  0.732  0.706 
  70 M  17  72  82  43  18  10   2  0.489  0.394 
  71 D  73  36  46  90  34  15   2  0.725  0.572 
  72 Q  19   3  47  68  44  16   2  0.565  0.326 
  73 Q  20  38  66  45  48  16   2  0.846  0.479 
  74 S  67  76  21  51  39  16   1  0.201  0.313 
  75 K  40  68  22   3 106  15   0 -0.166 -0.153 
  76 M  23  44  48  24  25  16   1  0.134 -0.047 
  77 K  23  41   5  24  25  13   0 -0.125 -0.146 
  78 M  23  81  45  24  82  12   0 -0.108 -0.177 
  79 V  28  72  82  88  26  11   1  0.078  0.052 
  80 A  14  52  29  30  41  13   1  0.114  0.179 
  81 K  53  52   5  57  58  14   1  0.566  0.284 
  82 H  53  58  59   5  75   7   1  0.728  0.323 
  83 L  43  54 115  59 116   5   1 -0.008 -0.048 
  84 I  96  56  82  43 117   4   0 -0.006 -0.096 
  85 S  14  34  56  43  12   6   1  0.114  0.065 
  86 P  65  14  20 119  12   4   1  0.234  0.213 
  87 E  20  38  53 120  16   8   2  0.683  0.645 
  88 L 120  17  63  54  39  13   2  0.477  0.372 
  89 I  43  83  18   3  89  14   2  0.676  0.745 
  90 K  35  43  44  84  16  11   2  0.728  0.696 
  91 Q   3   1  35  46  76   8   2  0.609  0.444 
  92 P  46   3  53  31  76   7   2  0.733  0.438 
  93 A  76  53   3  57  48  12   2  0.841  0.310 
  94 A  48  96  97 105  58  12   1  0.313 -0.129 
  95 A  58  94 106  59  95  10   0 -0.105 -0.153 
  96 V 107   8 115 108  60   7   0 -0.552 -0.451 
  97 L 108 117  81  12  13  12   0 -0.430 -0.215 
  98 V 101  82  13 117  63  10   0 -0.213 -0.176 
  99 N 102 111  83 118 101  15   1  0.347  0.409 
 100 D 112 102 119 103  15  15   2  1.065  0.784 
 101 D  75   1 112 104  85  11   2  1.192  0.938 
 102 E 114 105 113  52   3   9   2  0.918  0.421 
 103 S  33 114   7  78  94  16   1  0.218  0.235 
 104 L   8 107   7  59 115  15   0 -0.398 -0.403 
 105 S  97   8   7 107 108  16   0 -0.464 -0.386 
 106 V 108 107  96   8  98  15   0 -0.517 -0.463 
 107 M 108  12  98  99  13  15   0 -0.546 -0.386 
 108 I  63  82 111  12  13  11   0 -0.167 -0.083 
 109 N 111 120  64 101  83  12   1  0.449  0.347 
 110 E  65 112  14 119  37   9   2  0.633  0.437 
 111 E  75  20  66 102  15  13   2  0.822  0.644 
 112 D  75  67  51 104  86   9   1  0.772  0.945 
 113 H  76  94  68  48  51  14   1  0.418  0.494 
 114 I  59  33  96  56  80  13   0 -0.089 -0.165 
 115 R  96   7   9  51  97  14   0 -0.307 -0.093 
 116 I  97   8  80  56 107  15   0 -0.431 -0.391 
 117 Q 108  57  99   9  82  13   0 -0.364 -0.417 
 118 A  16 120  28  99 109  14   1  0.140  0.150 
 119 M 101  12 111  13  14  11   0 -0.187  0.022 
 120 G 102  83 112  89 118  14   2  0.677  0.794 
 121 T 119 103   1  15  31  10   2  0.930  0.781 
 122 D  16  48  71 104  32   8   2  1.000  0.770 
 123 T  17  38  35  49  86   9   2  0.696  0.790 
 124 T   2  34  18   7  39  15   1  0.397  0.298 
 125 L   3  19  51  18  65  17   2  0.543  0.656 
 126 Q  20  66  38  75  68  16   2  0.503  0.415 
 127 A  39  67  21  44  41  15   1 -0.060 -0.093 
 128 L  40  68  22  24  27  18   0 -0.468 -0.252 
 129 Y  23  41  24  42  68  17   0 -0.471 -0.333 
 130 N  44  41  24  25  27  17   0 -0.316 -0.185 
 131 Q  27  45  25  24  41  15   0 -0.207 -0.093 
 132 A  24  42  26  46  41  17   0 -0.280 -0.189 
 133 S  27  41  25  26  88  13   0 -0.240 -0.036 
 134 S  44  27  26  25  24  14   0 -0.313 -0.191 
 135 I  24  42  27  72  45  16   1  0.012  0.009 
 136 D  69  41  46  28  37  17   1  0.057  0.056 
 137 D  44  43  27  47  41  12   1  0.255  0.185 
 138 E  45  24  71 120 117  14   1  0.388  0.299 
 139 L  42  82  72  88  35  16   1  0.266  0.254 
 140 D  90  89   3  69  57  15   1  0.469  0.432 
 141 R  70  48  47  45  53  15   2  1.122  0.627 
 142 S   5  53  71  91  48  15   2  1.057  0.528 
 143 L   6 105  59  86  56  12   1  0.396  0.252 
 144 D  54  97  90  12  70  11   1  0.187  0.162 
 145 I  35 117  82  44  16  11   1  0.314  0.338 
 146 S  34  12  45  55  88  11   1  0.342  0.767 
 147 Y  43 101  13  82  88  13   1  0.073  0.136 
 148 D  83 102 118  89  28  12   1  0.380  0.632 
 149 E  52 119  15 112 103  10   2  1.060  0.777 
 150 Q  53  48  93 104 114  13   2  0.967  0.674 
 151 L  76  59 105 114  86   8   1  0.708  0.435 
 152 G 115 107  77   8 106  10   0 -0.300 -0.245 
 153 Y  96  97  78  51  48  14   1  0.312  0.161 
 154 L  80  56 108   8  59  11   0 -0.322 -0.291 
 155 T  14 108  16  57  81  13   1  0.010  0.130 
 156 T  63 111 108 117  12  12   0 -0.223 -0.032 
 157 C   1 109 120 112  53   7   1  0.534  0.424 
 158 P  65 120  37  14  53   9   2  0.627  0.467 
 159 T  75  90  52  57  15   7   2  0.780  0.556 
 160 N 120   2  85  39 116   5   2  0.775  0.523 
 161 I   3  55  86  17  72   9   2  0.658  0.987 
 162 G  54 104  73  90  38   6   2  0.755  0.642 
 163 T  33  38  15  74  49  14   2  0.605  0.719 
 164 G  54  50  40  95  48  13   1  0.366  0.165 
 165 M  67  23  51  55  21  13   1 -0.162  0.584 
 166 R  68  89  64  22  26  11   1 -0.119  0.212 
 167 A  23  65  52  26  41  15   1 -0.122 -0.099 
 168 S   9  24  91  25  66  14   1 -0.005 -0.045 
 169 V  58  23  59  21  10  13   0 -0.270 -0.444 
 170 M 116 107  25   9  23  14   0 -0.523 -0.471 
 171 L  56  27  52  63  97  15   1 -0.123 -0.093 
 172 H  23  24  64  41  27  16   0 -0.380 -0.296 
 173 L  41  23  98  10  14  15   0 -0.502 -0.460 
 174 P  57  12  15  11  41  13   1 -0.151 -0.103 
 175 G  58  53  16  48 120  12   2  0.958  0.586 
 176 L  28  72  69  71  54  13   1  0.210  0.211 
 177 S  88  43 120  72  54  14   2  0.653  0.575 
 178 I  51  43  55  82  45   9   1  0.228  0.855 
 179 M   5  48  19  46 118   7   2  0.897  0.520 
 180 K  44  46  88   6 112   8   1  0.661  0.494 
 181 R   2  45  38  18  34  13   2  0.680  0.535 
 182 M  76   1   3  51  19  11   2  0.497  0.596 
 183 T  88  27  77  47  90  13   1  0.699  0.562 
 184 R 107  27  48  96  25  18   0 -0.004 -0.200 
 185 I  24  48  23 115  42  15   0 -0.046 -0.191 
 186 A  88  41  23  27  82  17   0 -0.146 -0.096 
 187 Q  44  27  25  61  24  16   0 -0.313 -0.208 
 188 T  24  27  25  23   5  16   0 -0.111 -0.117 
 189 I  28  55  69  88  86  16   1  0.318  0.898 
 190 N  29  90  88  70  47  12   2  0.836  0.638 
 191 R  30   5  48  74  78  17   2  0.962  0.549 
 192 F  31   6  52  80  57  13   1  0.181  0.105 
 193 G  32  90  94  58  95  14   1  0.352  0.263 
 194 Y 107  56  49  28  33  15   1 -0.018  0.058 
 195 T  34  50  57   7  11  15   1  0.002 -0.098 
 196 I  14  56  99  10  96  10   0 -0.274 -0.360 
 197 R  57 108  28  99  98  12   0 -0.422 -0.366 
 198 G  58 120 116  98  16  10   1  0.312  0.163 
 199 I  55  54  12  49 117  10   1 -0.006  0.662 
 200 Y   7  82 102 116  90   5   1  0.231  0.054 
 201 G  14  56 102  84 117   2   1  0.433  0.324 
 202 E 119  38  33  34  85   3   2  0.914  0.651 
 203 G   1 120  75   7  53   6   2  0.650  0.557 
 204 S  76   3  86  16  80   4   1  0.712  0.593 
 205 Q  50 116  35  49  54   9   2  0.265  0.361 
 206 V 120  35  56  34  55   2   1  0.448  0.729 
 207 Y   3  76  74  52  68   8   1  0.530  0.417 
 208 G  53  57  77  20 104   8   1  0.487  0.383 
 209 H  58  48  52  94  21   8   1  0.364  0.179 
 210 T  59  54  33  40  98  12   1 -0.099 -0.056 
 211 Y 107   7  82 115  35   9   0 -0.174 -0.210 
 212 Q  97  61 108 109 117  12   0 -0.423 -0.353 
 213 V  82  65  14  35  10  16   1  0.060 -0.040 
 214 S  57 111  20  46  53  13   1  0.392  0.366 
 215 N  53 112  65 119  14  13   2  0.624  0.455 
 216 Q  28  53  48 120  40  16   1  0.521  0.263 
 217 L 120  75  67  29  52  13   2  0.623  0.475 
 218 T  30  54  39 116 106   8   1  0.121  0.112 
 219 L  35  31  70 117  48   9   2  0.648  0.359 
 220 G 120  54  16  88  48   9   2  1.044  0.818 
 221 K  17  35  49  65  82  11   2  0.471  0.403 
 222 S  36   2  93  83  34   9   2  0.572  0.570 
 223 E  19  37   3  67  51  10   1  0.387  0.494 
 224 L  66  20  75  38  68  13   2  0.503  0.415 
 225 E  67  21  27  39  24  12   1 -0.227 -0.183 
 226 I  68  22  40  39  27  17   0 -0.366 -0.177 
 227 I  23  68  24  97  41  15   0 -0.490 -0.391 
 228 E  41  24  23  27  25  14   0 -0.510 -0.319 
 229 T  25  26  24  23  27  16   0 -0.507 -0.326 
 230 L  25  24  27  23  42  16   0 -0.483 -0.280 
 231 T  26  25  41  23  27  15   0 -0.519 -0.330 
 232 E  41  25  27  26  24  15   0 -0.507 -0.314 
 233 V  25  24  27  23  26  17   0 -0.507 -0.326 
 234 V  41  23  24  26  25  16   0 -0.521 -0.355 
 235 N  25  41  26  27  24  17   0 -0.507 -0.314 
 236 Q  25  24  27  23  42  17   0 -0.483 -0.280 
 237 I  23  25  24  41  42  14   0 -0.497 -0.309 
 238 I  25  41  24  26  27  14   0 -0.507 -0.314 
 239 H  24  26  27  25  41  14   0 -0.507 -0.314 
 240 D  23  24  25  42  41  15   0 -0.497 -0.309 
 241 E  41  23  24  25  42  14   0 -0.497 -0.309 
 242 K  41  27  24  26  23  16   0 -0.523 -0.393 
 243 Q  24  27  28  26  25  14   0 -0.479 -0.272 
 244 I  42  23  24  41  27  15   0 -0.499 -0.348 
 245 R  42  69  43  70  24  16   1 -0.016 -0.037 
 246 Q  70  31  47   5  42  16   2  0.784  0.446 
 247 K   5  48  24  71  46  13   2  0.757  0.357 
 248 L  49  72  28  42   6  12   1  0.106  0.132 
 249 D  56  44   7 107  28  13   0 -0.126 -0.178 
 250 T  43  45  19  44  47  17   2  0.714  0.546 
 251 Y  20  45   5  46  69  16   2  0.677  0.370 
 252 N   6  70  72  75  31   8   2  0.692  0.435 
 253 Q  54   5  53  32 115   4   2  0.598  0.449 
 254 L  38  44  49  82  35   8   2  0.334  0.290 
 255 E  89  45  34 116  81   8   1  0.339  0.370 
 256 T  72  51  35  74  45  13   2  0.551  0.827 
 257 Q  68  76  64  14  88  10   1  0.356  0.278 
 258 D  65  27  53  77  41  12   1  0.137  0.141 
 259 R  25  79  24   6  59  15   0 -0.127 -0.148 
 260 V  94  27  23  58   6  14   0 -0.168 -0.085 
 261 F  28  51  88  26  57  15   1  0.012  0.325 
 262 R  29  70  97  48  52  15   1  0.482  0.189 
 263 S  30  24  71  26  48  12   1  0.338  0.152 
 264 L  31  25  59  41  23  14   0 -0.210 -0.183 
 265 G  32 107  96  27  44  13   1  0.008 -0.093 
 266 I  49  27  13 109  48   9   1  0.196  0.052 
 267 L  35  69  56  34  14  10   1  0.276  0.120 
 268 Q  51  14  57  15 120  13   1  0.510  0.562 
 269 N  58  68  53  48 119   9   1  0.624  0.266 
 270 C  59  53  98  25  80  10   0 -0.241 -0.201 
 271 R  38  60  96 115  23  11   0 -0.305 -0.311 
 272 M  16  54  71  23 116   7   1  0.238  0.338 
 273 I  35  12  17 108  55   8   1 -0.020  0.624 
 274 T   2  64  36  83 111  13   1  0.424  0.487 
 275 M  14  65  19  37 119  15   2  0.477  0.409 
 276 E  20  66  88  54 112  12   1  0.720  0.630 
 277 E  67  21 120 113 112  15   1  0.834  0.402 
 278 A  68  22  87  40  76  15   1  0.073  0.355 
 279 S  23  90  41  76  68  15   1  0.106  0.002 
 280 Y  44  70  24  54  39  14   1  0.213  0.140 
 281 R  48   5  42  23  45  16   1  0.642  0.215 
 282 L  46  24  23  25  27  12   0 -0.280 -0.136 
 283 S  47  70  27  88  23  14   1  0.413  0.322 
 284 E  28  48  53  71  76  14   2  0.690  0.394 
 285 V   6  93  59  29  72  14   1  0.271  0.202 
 286 K  89  81  30  90  95  10   1  0.318  0.468 
 287 L  31  52  56 107  48  15   1  0.469  0.146 
 288 G  28  32  91  54  16  19   2  0.590  0.558 
 289 I  33  29  63  10  55  15   1 -0.154  0.392 
 290 D  48  57  64  34  10  13   1  0.385 -0.069 
 291 L  51  15   8  98  31  16   1  0.128  0.352 
 292 N  54  12  57   9  58  15   1 -0.123 -0.128 
 293 Y  98  56  43  16  21  13   1  0.073  0.152 
 294 I  12  68  80  55  83   9   1 -0.177  0.391 
 295 E  16  44  43  82 116  12   1  0.284  0.229 
 296 L  45 111 102  83  55  15   2  0.487  0.905 
 297 Q 112 111  72 120  83  11   2  0.793  0.527 
 298 N  53  86 112 120  73   8   2  1.059  0.889 
 299 F  44   5  66  87  38  10   2  0.738  0.745 
 300 K 120  45  34   1  48   9   2  0.983  0.509 
 301 F  51  46  35  68  56   8   1  0.187  0.456 
 302 N  48  90  47  77  57  12   2  0.981  0.487 
 303 E  58  94  78  97  48  12   1  0.289  0.001 
 304 L  59  38  79  80   6  15   1  0.023 -0.084 
 305 M  60  42  21  81  99  15   0 -0.437 -0.402 
 306 V  70  61  99  68  98  13   1 -0.302 -0.338 
 307 A  44  71 109  70  45  14   2  0.405  0.258 
 308 I  63  45  72  46  43  13   2  0.422  0.311 
 309 Q  64  57 102  73  53  12   2  0.459  0.393 
 310 S  73  65 119  52  44  13   2  0.646  0.498 
 311 P  75  38  57   5  53  12   2  0.753  0.498 
 312 F 120  58  42  21  17  11   1  0.344  0.162 
 313 L  39  17  56  40  97   9   1 -0.018 -0.013 
 314 L  70  35  56  55  82  10   1  0.180  0.554 
 315 D  45  44  61  70 117  13   1  0.254  0.115 
 316 E  71  16   5 118  30  10   2  0.735  0.708 
 317 E  46  88  72 103 102   9   2  0.861  0.740 
 318 D  18  47  73 120  82   9   2  0.949  0.658 
 319 D  19  75  48  37  71   9   2  0.910  0.624 
 320 K  72  75  20  38  70  11   2  0.633  0.425 
 321 S  17  43  38  34  73  12   2  0.645  0.481 
 322 V  35  40  36  87   3  16   1  0.327  0.603 
 323 K  36  47  73  40  27  14   1  0.382  0.421 
 324 E  19  41  27  25  37  14   1 -0.111  0.058 
 325 K  26  24  20  66  25  14   1 -0.068  0.003 
 326 R 999 999 999 999 999 999 999 -9.999 -9.999 
 327 A 999 999 999 999 999 999 999 -9.999 -9.999 
 328 D 999 999 999 999 999 999 999 -9.999 -9.999 
 329 I 999 999 999 999 999 999 999 -9.999 -9.999 
 330 L 999 999 999 999 999 999 999 -9.999 -9.999 
 331 R 999 999 999 999 999 999 999 -9.999 -9.999 
 332 E 999 999 999 999 999 999 999 -9.999 -9.999 
 333 H 999 999 999 999 999 999 999 -9.999 -9.999 
 334 I 999 999 999 999 999 999 999 -9.999 -9.999 
 335 K 999 999 999 999 999 999 999 -9.999 -9.999 