   1 M 999 999 999 999 999 999 999 -9.999 -9.999 
   2 L 999 999 999 999 999 999 999 -9.999 -9.999 
   3 S 999 999 999 999 999 999 999 -9.999 -9.999 
   4 I 999 999 999 999 999 999 999 -9.999 -9.999 
   5 G 999 999 999 999 999 999 999 -9.999 -9.999 
   6 A 999 999 999 999 999 999 999 -9.999 -9.999 
   7 M 999 999 999 999 999 999 999 -9.999 -9.999 
   8 A 999 999 999 999 999 999 999 -9.999 -9.999 
   9 N 999 999 999 999 999 999 999 -9.999 -9.999 
  10 I 999 999 999 999 999 999 999 -9.999 -9.999 
  11 K  23  73  27  24  41  14   0 -0.209 -0.128 
  12 H  23  27   5  70  25  14   1  0.108  0.015 
  13 T  24  25  71  27  44  17   1 -0.113  0.012 
  14 L  72  55  38  88  35  14   2  0.368  0.883 
  15 Q  14  24  56  97  47  11   1  0.171  0.054 
  16 K   5  48  74  42  52  13   1  0.796  0.524 
  17 E   6   5  20  75  58  11   1  0.778  0.368 
  18 L  43   6  81  54 115   8   1  0.025  0.072 
  19 F  43 117  28  54  55   9   1 -0.010  0.592 
  20 L  44 101  71 118  61   9   1  0.076  0.141 
  21 A 102  72  45  46  74   7   2  0.650  0.637 
  22 S 119  73 112 103  46  11   2  1.073  0.805 
  23 G  73  19  47 104  75  10   2  1.052  0.838 
  24 E 113 114  33  38   4  13   2  0.998  0.630 
  25 R   7  78  39 114 120  16   1  0.493  0.194 
  26 L  40  51   8  95 106  14   0 -0.242  0.070 
  27 L  68  26  97  27  41  14   0 -0.485 -0.362 
  28 S  96  25  10  27  26  14   0 -0.504 -0.412 
  29 V  25   9  10  41  98  14   0 -0.668 -0.547 
  30 V  11  25  23  10  26  15   0 -0.611 -0.482 
  31 T  11  98  41  25  26  15   0 -0.587 -0.426 
  32 V  98  45  63  11  27  13   1 -0.213 -0.198 
  33 V  28  12  88 111 120  15   1  0.263  0.365 
  34 K 112  29  43  69  88  15   1  0.452  0.396 
  35 K  30 102  54  84  83  18   2  0.806  0.656 
  36 K  31  46  86  84  88  12   2  1.030  0.937 
  37 D  86  32 113 112  47  16   2  1.435  0.998 
  38 K  86  76 113  48 114  13   2  1.465  0.823 
  39 K   4  93 113 114  48  15   2  1.317  0.731 
  40 P  78  79  94  95 114  14   1  0.200  0.131 
  41 C 115 107  95  96  97  14   0 -0.371 -0.450 
  42 Y  97   9  96   8  95  16   0 -0.422 -0.428 
  43 L   9  97  11  10  98  14   0 -0.703 -0.664 
  44 C  10  11  99   9  98  14   0 -0.710 -0.685 
  45 V  11  10  99  98 100  12   0 -0.613 -0.584 
  46 V 109  99  98  11  10  14   0 -0.629 -0.621 
  47 T  63 109 110  11 111  13   0 -0.224 -0.210 
  48 T 111 120 109  83 112  15   1  0.612  0.393 
  49 A 111  15 112 120  86  17   2  1.024  0.844 
  50 P 112 111  86 113 120  12   2  1.221  0.880 
  51 P  86 104 113  76 119  16   2  1.237  0.868 
  52 V  66  17  92  86  68  16   2  0.742  0.759 
  53 P  77  39  90  47  51  13   1  0.661  0.687 
  54 V  97   9  39  58  96  12   0 -0.244 -0.373 
  55 V   9  10  58  60  98  15   0 -0.508 -0.613 
  56 T  10   9  60  98  11  15   0 -0.709 -0.688 
  57 L  10  98   9  11  25  15   0 -0.695 -0.578 
  58 C  98  10  11  80  25  13   0 -0.641 -0.523 
  59 L  11  98  10 109  99  13   0 -0.629 -0.621 
  60 I  98  62 109  13  11  14   0 -0.536 -0.458 
  61 K  12  99  13 109  63  13   0 -0.434 -0.327 
  62 Q 102 101  45  83  12  14   1  0.265  0.287 
  63 S  30  71 102  84   1  11   2  0.662  0.655 
  64 E  47  72 103  88  85   7   2  1.456  1.093 
  65 Q  85  72 113 102  17   4   2  1.255  0.834 
  66 R  48  34   2 103  72   5   2  1.080  0.569 
  67 E  86  19  73   3  17   5   2  0.873  0.759 
  68 G   3  38  20 106  51   8   1  0.283  0.362 
  69 E  38  40  68   6   7  11   1 -0.063 -0.041 
  70 Y  39   8  40 117  79  11   0 -0.246 -0.115 
  71 K  68  61  44  22  81  10   1 -0.282 -0.192 
  72 R  23  44  25  27  45  12   1 -0.024  0.014 
  73 K  53  25  26  24  45  13   1  0.017  0.084 
  74 R  23  26  41  75  79  14   1 -0.043 -0.049 
  75 S  54  25  23  27  24  14   0 -0.294 -0.114 
  76 W  38  35  25  27  41  15   1 -0.153  0.034 
  77 Q  27  64  23  42  26  15   0 -0.361 -0.268 
  78 L  69  23  14  41  27  13   0 -0.301 -0.248 
  79 D  57  70  25  88  20  15   1  0.272  0.269 
  80 E  58  53   5  42  98  15   1  0.256  0.043 
  81 I  69  80  59  24  58  15   0 -0.168 -0.340 
  82 K  70 116  88  96  69  15   1  0.212  0.068 
  83 W  61  29  71  45  42  13   1  0.118  0.146 
  84 V  82  43  87   5  46  12   2  0.603  0.604 
  85 D  70  83  31  46  57  11   2  0.545  0.344 
  86 G  16  32  82 119  14   9   1  0.539  0.471 
  87 R  72  75 111  45  17   2   2  0.801  0.642 
  88 N 120  34   2 112  50   8   2  0.705  0.447 
  89 E   3  87  82  74  56   7   1  0.478  0.589 
  90 Q   4  45 120  48 107   8   2  0.896  0.364 
  91 F  86  88  34  55  16   5   2  0.738  1.256 
  92 E  18  47  43   2   3   9   2  0.804  0.608 
  93 T   3  53  73  36  46   5   2  0.660  0.571 
  94 H  38   3  72  47  37   8   2  0.787  0.457 
  95 E  38  20  93  76  34  13   2  0.599  0.406 
  96 F  39  59  79   3 115  12   1  0.047 -0.146 
  97 D  40  68  22  81   9  12   0 -0.533 -0.340 
  98 L  44  72  23  27  82  10   1 -0.024 -0.126 
  99 Q  34  64  24  81 109  11   1 -0.087 -0.202 
 100 L  23  14  65  73  25  14   1  0.138  0.157 
 101 E  75  88  20  53  83  13   2  0.820  0.700 
 102 K  24  27  23  25 120  15   0 -0.164 -0.100 
 103 L  24  25  93 114  80  15   1  0.003  0.113 
 104 Y  41  25  42  59  23  13   0 -0.421 -0.326 
 105 K  97  56  42  27  44  13   0 -0.176 -0.153 
 106 W  42  71  98 108  25  14   0 -0.317 -0.122 
 107 Y  11  55  42  69  46  13   1 -0.149  0.361 
 108 A  14  16  43  13 110  13   1  0.132  0.217 
 109 L  43  63 111  82  72  11   1  0.182  0.114 
 110 N 120  83  16   1 119   9   2  0.788  0.744 
 111 P  37  65  55  84 112   7   2  0.753  0.971 
 112 H  66  85  38  20 111  10   2  0.845  0.698 
 113 E  39   2  36  86  67  12   1  0.429  0.573 
 114 R  68   3  40  37  22  10   1  0.020  0.007 
 115 Q  20  38  66   4  76  16   2  0.737  0.483 
 116 N  24  39  21  25  27  15   0 -0.327 -0.192 
 117 F  40  23  68  24  96  13   0 -0.431 -0.355 
 118 L  23  24  41  27  26  14   0 -0.523 -0.393 
 119 A  41  25  23  27  24  16   0 -0.510 -0.319 
 120 V  23  25  24  27  26  13   0 -0.507 -0.326 
 121 L  23  24  25  28  42  15   0 -0.469 -0.266 
 122 N  41  26  23  69  25  15   0 -0.424 -0.314 
 123 R  44  25  41  27  26  15   0 -0.325 -0.196 
 124 Q  24  45  72 120  25  16   1  0.332  0.227 
 125 I  69  42 112  73  72  14   1  0.432  0.269 
 126 Q  69  47  90  44  19  14   2  0.665  0.436 
 127 K  70  33  75   5  44  13   2  0.830  0.526 
 128 S   5   6  54  34  17  12   2  0.793  0.445 
 129 V  55  86  56  63  72  11   1  0.317  0.786 
 130 R  44  47  89  70  30  13   2  0.747  0.765 
 131 G  45   5  30  74  35  13   2  0.808  0.729 
 132 Q  75 119   5  79  53   8   2  0.848  0.581 
 133 R  58  76  51  37  73   9   1  0.636  0.619 
 134 A  80  51 107  88  87  10   1  0.111  0.622 
 135 E  97  58  96  93  70  12   1  0.135  0.009 
 136 F   8  94 115  95  56  11   0 -0.298 -0.099 
 137 R  59  11  52  12  79  14   1 -0.188 -0.144 
 138 N  51  71  81  16  53  12   1  0.333  0.711 
 139 V  82 117  11  80  72  12   0 -0.183 -0.237 
 140 P  75  58  64  11 108   8   1  0.141  0.010 
 141 A  98  14  65  69  61  12   1 -0.110 -0.183 
 142 A  75  57  70  12  20  10   1  0.342  0.246 
 143 W  16 120  71  81  86  11   2  0.693  0.764 
 144 L  82  35  56  55  87   9   1  0.205  0.887 
 145 S  47  90  73  36  64  13   2  0.817  0.671 
 146 E   5  53  74  37  15   5   2  0.918  0.775 
 147 K   5  53  75   6  58  11   1  0.825  0.446 
 148 S   1   6  21 115 107   4   1 -0.152 -0.119 
 149 P 106  87  56  55  17   6   1  0.236  0.943 
 150 E  35 117  82  56  96   8   0  0.028 -0.044 
 151 K  58  65  61  64  57   7   1  0.113 -0.087 
 152 V  20  15  65   6  55   7   1  0.449  0.758 
 153 A  83  53 120  54  20   5   2  0.718  0.555 
 154 L  17  82  35  40  87   7   1  0.287  0.521 
 155 G  73 104  71  68  26   7   1  0.307  0.316 
 156 R   6  33  72  27  24  11   1  0.043  0.052 
 157 A  20   1  42  24  71   9   1  0.033  0.168 
 158 V 117  23  67  60  98  11   0 -0.386 -0.360 
 159 Q  68 116  60 115  47  11   1  0.015 -0.092 
 160 K  42 117  29  61  45  12   1 -0.009  0.021 
 161 T  42  69  72  24  30  15   1  0.010 -0.003 
 162 Q   5  42  53  70  47  12   2  0.780  0.476 
 163 H  53  70   5  71  73  12   2  0.831  0.599 
 164 M   5  71   6  43  49   6   2  0.604  0.466 
 165 D  72   6  17  87  49   9   2  0.583  0.750 
 166 D  36  73 117  35  55  12   1  0.257  0.883 
 167 E  37  47  72  71  73   7   2  0.859  0.667 
 168 E  38  20  66  82  88  10   1  0.470  0.380 
 169 D   1   2  17  73  21   7   2  0.469  0.516 
 170 E  40  68  22  19  37  14   1 -0.083  0.085 
 171 E 115  20  19  38  27  15   1 -0.002  0.084 
 172 E  45  27  21  24  39  12   1 -0.039 -0.045 
 173 E  22  24 117  27  40  16   0 -0.434 -0.223 
 174 A  68  41  23  24  27  15   0 -0.484 -0.344 
 175 Q  44  41  25  27  24  15   0 -0.316 -0.185 
 176 E  24  25  53  27  42  15   0 -0.249 -0.056 
 177 F  24  42  25  59  23  14   0 -0.408 -0.322 
 178 T  27  69  42  41  70  14   1 -0.172 -0.159 
 179 A  44  25 117  71  24  12   1 -0.051  0.056 
 180 L  72  35  42  23 117  14   1 -0.050  0.020 
 181 T  73  23  16  88  64  12   1  0.481  0.554 
 182 D  44  65  16 112  88  13   2  0.766  0.694 
 183 K  66  36  83   2  45  13   2  0.666  0.635 
 184 E  67  36  72   1  18  11   2  0.371  0.509 
 185 A  89   3  19  73  68  12   2  0.473  0.601 
 186 N  20  27  41   4  90  14   1  0.300  0.186 
 187 E  34   2  24  36  39  17   1  0.202  0.202 
 188 L  23  41  42  27  24  15   0 -0.499 -0.348 
 189 G  41  44  23  24  27  17   0 -0.332 -0.264 
 190 K  27  25  41  23  24  15   0 -0.510 -0.319 
 191 L  42  23  25  27  24  17   0 -0.483 -0.280 
 192 F  69  26  41  25  28  16   0 -0.396 -0.260 
 193 S  26  70  25  42  44  16   1 -0.082 -0.049 
 194 E   5  25  53  48  24  16   1  0.574  0.257 
 195 C   6  41  26  72  75  15   1  0.227  0.111 
 196 D  81  32  54  50  83  12   1  0.385  0.367 
 197 F 107  24  35  82   1  10   1 -0.092 -0.057 
 198 A  34  42  36  71  64  12   1  0.251  0.250 
 199 I  55  16  37  81  23  12   1  0.061  0.662 
 200 K  66 111  88  82  43  13   1  0.444  0.434 
 201 D  73  67  23  21  36  10   1  0.110  0.180 
 202 A  19  41  39   1  24  12   1 -0.102  0.053 
 203 E  41  38  20  23  27  15   1 -0.173 -0.110 
 204 Q  24  54  27  39  21  15   1 -0.127 -0.054 
 205 F  23  27  40  82  41  17   0 -0.424 -0.360 
 206 I  68  41  24  27  26  14   0 -0.481 -0.339 
 207 E  25  44  27  23  41  16   0 -0.328 -0.201 
 208 Q  24  25  27   5  23  17   0 -0.111 -0.117 
 209 L  23  27  24  42  26  17   0 -0.495 -0.354 
 210 S  41  27  26  23  25  14   0 -0.519 -0.330 
 211 R  27  24  44  41  25  13   0 -0.316 -0.185 
 212 E  24  42  58  23   6  16   0 -0.152 -0.222 
 213 L  69   3  41  24  23  15   0 -0.160 -0.273 
 214 H  70  44  75  88  47  11   2  0.976  0.714 
 215 D  71  29  27  45  16  11   1  0.393  0.499 
 216 L  72  46  87  82  12  12   1  0.234  0.426 
 217 D  70  73  47  88 120  13   2  1.061  0.783 
 218 G  37  19  48  71  65   7   2  0.756  0.489 
 219 A   5  20  72  33  52   2   2  0.615  0.421 
 220 N 120  34   2  21  53  12   2  0.564  0.358 
 221 M  51   3  19  68 115  11   1  0.074  0.272 
 222 Q  20  97  77 115  66  12   1  0.123  0.083 
 223 S  70  96  21  58  98  12   1 -0.039 -0.240 
 224 V  80  59 108  40  12  11   0 -0.466 -0.345 
 225 L  88 116  63  12  82  11   1 -0.023 -0.013 
 226 A  82  83  63  89  13  14   1  0.185  0.314 
 227 S  36  45  64 119 120  12   2  0.664  0.540 
 228 E  37  53  73  75  15  11   2  0.960  0.782 
 229 Q  75  66  86  38  20  10   2  0.851  0.774 
 230 K  21   4  48  24  36  14   1  0.501  0.264 
 231 V  40  68   3  27  19  14   1 -0.056 -0.043 
 232 L  27  42  23  41 115  15   0 -0.509 -0.345 
 233 K  27  25  26  24  44  16   0 -0.313 -0.191 
 234 M  24  42  40  23  25  16   0 -0.496 -0.290 
 235 M  69  24  23  41  25  16   0 -0.415 -0.303 
 236 E  44  26  25  27  70  15   1 -0.095 -0.060 
 237 H  25  27  45  53  24  14   1  0.028  0.119 
 238 I  24  72  69  42  46  14   1  0.033 -0.007 
 239 D  27  90  26  89  69  16   1  0.104  0.299 
 240 N  74  27  26  25  24  13   0 -0.248  0.022 
 241 A  36  72  27  40  73  11   1  0.147  0.257 
 242 I  37  27  69  41  88  14   1  0.093  0.143 
 243 S  27  20  66  26  41  15   1 -0.083 -0.040 
 244 E  27  24  36   2  25  17   1 -0.148  0.115 
 245 A  41  68  22  24  37  15   1 -0.240 -0.105 
 246 D  27  41  23  25  20  14   0 -0.335 -0.190 
 247 K  24  27  25  44  45  18   1 -0.013  0.030 
 248 F  23  24  42  41  25  17   0 -0.497 -0.309 
 249 E  41  27  28  24  69  18   0 -0.389 -0.288 
 250 N  27  24  26  29  41  17   0 -0.390 -0.256 
 251 R  24  23  27  42  30  16   0 -0.292 -0.161 
 252 L  41  23  37  31  24  15   1 -0.060 -0.039 
 253 D  44  27  41  24  88  13   1 -0.053  0.030 
 254 S  24  27  45  74  25  15   1  0.052  0.243 
 255 Y  42  24  93  41  23  13   0 -0.305 -0.119 
 256 E  27  41  42  25  69  15   0 -0.386 -0.228 
 257 D  44  24  27  25  69  16   1 -0.207 -0.140 
 258 I  42  24  27   5  53  18   1  0.134  0.079 
 259 L  69  68  28  41  42  15   0 -0.346 -0.239 
 260 G  44  27  70  12  42  15   1 -0.105 -0.041 
 261 H  45 120  25  24  71  17   1  0.328  0.294 
 262 V  72  42  46  23  87  13   1  0.167  0.400 
 263 K  41  73  27  69  26  13   1 -0.110 -0.082 
 264 E  74  27  25  70  56  15   1  0.100  0.243 
 265 T  58  53  36 120   5  13   1  0.762  0.497 
 266 M  69  86   6  37  76  16   2  0.687  0.516 
 267 E  88 116  70  69  44  15   1  0.340  0.192 
 268 K  71  48  45  70  36  14   2  0.810  0.546 
 269 I  72  35  12  71  87  13   2  0.286  0.626 
 270 G  88  90 118  43  73  12   2  0.693  0.676 
 271 G  84  74  48 102 119  12   2  1.080  0.781 
 272 K   5 103 104  52  37   6   2  1.076  0.766 
 273 N  90 103  86  46  53  11   2  1.099  0.967 
 274 A 106  76  39  79 115  11   1  0.057 -0.025 
 275 M  68  78  95  96  48  11   1  0.322 -0.097 
 276 I   8 108  60  96  38  15   0 -0.299 -0.246 
 277 E  81  97 108  71  60  13   0 -0.308 -0.232 
 278 I  12  63  82 117 100  16   0 -0.264 -0.204 
 279 A  88  13  83 118 109  16   1  0.262  0.291 
 280 N  26  14 110 112 102  17   1  0.180  0.071 
 281 N  85 103 112  72  45  13   2  1.363  0.935 
 282 N   1  53 113  23  36  10   1  0.530  0.496 
 283 N  76  68  19   1  75  15   2  0.510  0.470 
 284 I  33  20  66 115  59  15   1  0.167  0.118 
 285 K  34  50 107   7 116  13   1 -0.015 -0.175 
 286 L  56  96  40 117  22  15   0 -0.261 -0.174 
 287 M  68  26  28  57  88  14   1 -0.088  0.011 
 288 K  27  44  41  25  26  15   0 -0.325 -0.196 
 289 E  24  26  53  45  25  16   1  0.017  0.084 
 290 L  24  76  27  98  14  13   1 -0.112 -0.152 
 291 N  27  57  69  77 115  18   1 -0.103 -0.113 
 292 K  27  56  78  70  44  16   1  0.204  0.017 
 293 V  42  80  27  94  56  17   0 -0.369 -0.117 
 294 I  69  88  55  46  89  17   1  0.357  1.068 
 295 S  70  47  77  97  64  16   1  0.486  0.251 
 296 Q  53   5  48  98  30  11   2  0.725  0.325 
 297 L  59  12   6  80  75  10   1  0.087  0.003 
 298 D 116 120  81  16  43   8   1  0.338  0.325 
 299 L  35  82 117  18  56  13   1  0.247  0.239 
 300 P  36  64  83   3  34  13   1  0.579  0.305 
 301 H  37  65  16  94  15  16   2  0.555  0.669 
 302 S  20  66  39  76  59  11   1  0.415  0.176 
 303 Q  21  67  76  60 120  15   1  0.292  0.053 
 304 Q  40  56  51   8  87  11   1 -0.029  0.550 
 305 Q 108  79  77  27  70  12   1  0.044  0.034 
 306 A  42  58  98  95  61  14   0 -0.257 -0.357 
 307 L  69  98  80  99  46  16   1 -0.239 -0.279 
 308 D  43  88  70  63 120  13   2  0.537  0.421 
 309 E  14  71  30  74  83  12   2  0.533  0.604 
 310 P  52  72  31   5   6  10   2  0.675  0.392 
 311 D 120  16  53  58  54  15   2  0.709  0.613 
 312 L  43  49  86  82  55  12   1  0.383  0.905 
 313 K  82  88  43  72  55   7   1  0.269  0.696 
 314 T  36   2  73  18  65   8   2  0.640  0.707 
 315 A  37  19   3  68  20  13   1  0.360  0.237 
 316 N  38  20  66 120   6  15   2  0.609  0.414 
 317 G  39  21   1  40   2  15   1 -0.012  0.123 
 318 R  68  40   3  22  18  17   1  0.062  0.094 
 319 K  23  26  24  25  27  15   0 -0.507 -0.326 
 320 A  25  27  41  26  23  15   0 -0.519 -0.330 
 321 A  68  23  24  41  25  16   0 -0.482 -0.305 
 322 I  27  25  24  26  41  15   0 -0.507 -0.314 
 323 A  26  27  41  25  24  14   0 -0.507 -0.314 
 324 A  24  41  23  25  27  14   0 -0.510 -0.319 
 325 A  41  23  24  27  25  14   0 -0.510 -0.319 
 326 Q  41  27  24  23  26  15   0 -0.523 -0.393 
 327 C  24  25  41  27  26  16   0 -0.507 -0.314 
 328 L  24  23  41  25  27  15   0 -0.510 -0.319 
 329 Q  24  26  41  27  25  15   0 -0.507 -0.314 
 330 Q  44  42  27  29  70  16   1  0.047  0.044 
 331 A  71  45  46  26  24  16   1  0.200  0.184 
 332 M  72  43  42  24  88  15   1  0.131  0.195 
 333 N  73  32  44  47  71  16   2  0.902  0.696 
 334 S  70  44  74  31  72  10   2  0.575  0.498 
 335 D  38  34 120  72  83  11   2  0.731  0.386 
 336 I  55  86  17  72   1  11   2  0.543  1.091 
 337 D  20  68  88  73  83   9   1  0.561  0.504 
 338 P  65  19  74   2  36  11   2  0.466  0.678 
 339 A  38  20   3  55  68  11   1  0.190  0.548 
 340 L  68  23  41  20  21  14   1 -0.253 -0.207 
 341 L  39  41  68  27  40  18   0 -0.381 -0.238 
 342 R  27  23  24  25  41  15   0 -0.510 -0.319 
 343 L  41  24  23  42  26  14   0 -0.510 -0.383 
 344 E  41  44  26  27  24  15   0 -0.329 -0.259 
 345 A  27  24  26  45  44  12   1 -0.025 -0.044 
 346 V  71  24  27  23  42  15   0 -0.295 -0.150 
 347 Q  88  72  42  23  25  13   1 -0.023  0.100 
 348 D  45  27  24  44  25  15   1 -0.013  0.030 
 349 Q  45  72  24  42  27  13   1  0.012  0.009 
 350 R  41  27  73  69  47  16   1  0.329  0.219 
 351 K  44  27  47  41  69  15   1  0.206  0.083 
 352 R  48  45  27  24  36  15   1  0.403  0.246 
 353 F  41  23  35  42  24  15   0 -0.321 -0.178 
 354 E  27  88  70  41  44  16   1  0.165  0.162 
 355 K  24  25  27  45  23  14   0 -0.206 -0.105 
 356 W  24  42  23  25  72  16   0 -0.290 -0.179 
 357 K  27  41  42  69  26  16   0 -0.399 -0.302 
 358 Q  44  27  25  41  26  15   0 -0.325 -0.196 
 359 K  24  27  25  42  41  17   0 -0.483 -0.268 
 360 F   6  42  41  23  26  16   0 -0.336 -0.277 
 361 S  26  27  41  25  44  15   0 -0.325 -0.196 
 362 A  27  25  24  41  26  15   0 -0.507 -0.314 
 363 T  24  25  27  26  23  14   0 -0.507 -0.326 
 364 V  27  42  41  24  26  17   0 -0.496 -0.343 
 365 S  27  44  41  25  26  16   0 -0.325 -0.196 
 366 R  25  27  45  24  98  16   0 -0.233 -0.140 
 367 F  25  24  42  27   6  15   0 -0.297 -0.158 
 368 M  26  23  27  25  22  14   0 -0.503 -0.269 
 369 N  25  27  26  41  47  17   0 -0.078 -0.024 
 370 N  25  27  24  23  44  15   0 -0.316 -0.196 
 371 L  24   6  42  27  25  16   0 -0.297 -0.158 
 372 F  28  81  42  69  41  14   0 -0.373 -0.269 
 373 I  44  27  29  25  70  13   1  0.035  0.073 
 374 H  45  24   5  25  72  16   1  0.385  0.210 
 375 L  42  23  24  46  71  11   1 -0.079  0.004 
 376 G  28  69  73  90  53  14   1  0.439  0.357 
 377 N  44  33   4  70  27  12   2  0.409  0.292 
 378 E  45  24  42  54  34  12   1  0.272  0.159 
 379 I  46  69  42  31  17   9   1  0.330  0.272 
 380 G  70  44  61  88  77  10   1  0.366  0.268 
 381 D  48   5  71  45   4  15   2  1.165  0.610 
 382 M   6  87  46   5  88   9   2  0.797  0.838 
 383 Q  88  73  70  69  77  10   1  0.595  0.472 
 384 V  44  48  61  74  70   9   1  0.598  0.342 
 385 T  72   5  79   6  45  10   2  0.666  0.340 
 386 S  53  58   6  94  95  12   1  0.169  0.147 
 387 T  10 115  59  56  11  13   0 -0.406 -0.454 
 388 E  58   9  60  53  98  12   0 -0.223 -0.309 
 389 L  98   6  70  12  82  11   1 -0.069 -0.156 
 390 T 109 117  71  43  11  13   1 -0.116 -0.027 
 391 L 117  61  98  81  13  10   0 -0.451 -0.354 
 392 P  88  12  57  87 111  12   1  0.255  0.630 
 393 N  43 119  14 120  16  12   2  0.631  0.593 
 394 H   1 119  86 104  65   9   2  0.777  0.776 
 395 S  76  86 105 114  66   9   2  0.885  0.660 
 396 N  51  38  21  44 106  11   1  0.087  0.290 
 397 V  38  45  79  48   4   9   2  0.863  0.449 
 398 H 115  76  42  23  95  15   1 -0.093 -0.165 
 399 R   6  44  77  88  69  15   1  0.427  0.309 
 400 E  48  43  24  44   9  14   1  0.222 -0.024 
 401 L  81  42  72  41  28  15   0 -0.275 -0.185 
 402 T  88  44  69  27  41  12   1  0.044  0.071 
 403 P  45  64  43  73  27  12   1  0.387  0.331 
 404 Y  37  23  41  24  48  15   1  0.167 -0.042 
 405 T  20  41  44  57  27  14   1 -0.045 -0.066 
 406 E  25  21  27  77  24  15   0 -0.229 -0.114 
 407 L  24  48  42  57  25  13   1  0.079 -0.061 
 408 M  23  69  41  52  97  12   1 -0.237 -0.218 
 409 H  70  44  42  27  23  16   1 -0.087 -0.093 
 410 W  42  71  27  23  53  14   1 -0.073  0.057 
 411 T  28  69  55  46  72  12   1  0.086  0.525 
 412 K  44  70  43  71  47  13   2  0.675  0.489 
 413 A  43 120  71  48  45  14   2  0.923  0.548 
 414 M  72 111  46   1  31  11   2  0.459  0.477 
 415 D  73  70  47   1   2  10   2  0.793  0.678 
 416 R  19  37  71  48   3  10   2  0.798  0.436 
 417 K  66  20  35 120  72  11   2  0.645  0.484 
 418 T   2  39  34  67  21  12   1  0.213  0.083 
 419 Y  68  40   3  76  22  13   1  0.089 -0.015 
 420 D  27  96  57  77  41  15   0 -0.149 -0.167 
 421 G  24  27  25  58  81  14   0 -0.320 -0.251 
 422 L  24  56  55  27  79  15   0 -0.205  0.333 
 423 M  14  68  57  41  97  14   1 -0.263 -0.228 
 424 R  44  27  25  14  41  17   1 -0.200 -0.091 
 425 V  45  25  24  27  23  15   0 -0.206 -0.105 
 426 Y  59  23  42  46  53  14   1  0.028  0.001 
 427 T  47  26  22  27  69  13   1  0.031  0.014 
 428 A  27  25  44  24  26  14   0 -0.313 -0.191 
 429 S  23  25  24  72  27  12   0 -0.303 -0.189 
 430 L   3  41   1  55  23  13   1 -0.062  0.413 
 431 S  27  41  26  53  77  14   1 -0.089 -0.017 
 432 K  25  44  27  16  24  16   1 -0.025  0.156 
 433 I  45  24  25  23  98  16   0 -0.247 -0.180 
 434 Y  23 115  41  73  42  14   0 -0.206 -0.115 
 435 D  69  44  41  23  22  15   1 -0.234 -0.192 
 436 R  44  25  27  30  70  15   1  0.109  0.134 
 437 D  45 120  24  55  23  16   1  0.173  0.551 
 438 V  72  69  42  14  88  15   1  0.198  0.187 
 439 R  44  90  47  41  89  14   2  0.613  0.649 
 440 N  42  45  70  71  58  12   1  0.387  0.223 
 441 F   5  65   6  37   3  11   2  0.775  0.348 
 442 F 115   6  88  75  59  12   1  0.387  0.264 
 443 N  70  48  96  47  36  11   1  0.811  0.427 
 444 L  71  98   5  56  19  14   1  0.325  0.203 
 445 A  57   6  20  52  28  12   1  0.159  0.111 
 446 K  53  58  61  42  47  13   1  0.328  0.159 
 447 I  80  63  57  12  87  12   1 -0.129  0.191 
 448 Q 116 120  60  72  53  11   1  0.316  0.124 
 449 V  82  61  70  56  71   8   1  0.130 -0.002 
 450 T  57  72  36  73  75   4   2  0.627  0.552 
 451 E 116  73  69 120  83   5   2  0.586  0.323 
 452 K  82  49  55  87  17   6   1  0.368  1.055 
 453 L  36   1  20  46  86   5   2  0.572  0.740 
 454 R  88  70  17  47  86  10   2  1.068  0.940 
 455 N  87  76  36  18 120  10   2  0.806  0.960 
 456 S   6   4  53  86   1   8   2  0.760  0.743 
 457 R  87  86  89  17  18   6   2  0.882  1.409 
 458 E  47  36   4  76  48   7   2  1.174  0.690 
 459 D  53  19  71   3  95  13   2  0.442  0.312 
 460 L   6 115  87  38  20   7   1  0.255  0.458 
 461 D  81  60  58  53  96   9   0 -0.061 -0.185 
 462 M  43  63  61 117  68  12   1 -0.197 -0.123 
 463 S  70  43  28  12  83  12   1  0.134  0.152 
 464 T  61 117  70  29  53  10   1  0.124  0.116 
 465 S  87 103 117  83  72   4   2  0.766  0.827 
 466 S 103  53  73  31  85   2   2  1.317  1.039 
 467 R 113  69  89  73  47   6   2  1.073  0.898 
 468 K  33  53 114   5   4   7   2  0.922  0.623 
 469 S   6   7   8  79 115   2   0 -0.165 -0.123 
 470 A  96  60   6 106 115   3   0 -0.239 -0.303 
 471 V 107  61 117  97  44   9   0 -0.284 -0.319 
 472 S  43   6  11  10  61   5   1 -0.283 -0.297 
 473 T  53  73  98 117 108  10   1  0.063  0.117 
 474 I  61  57 109  99  55   8   0 -0.346  0.116 
 475 P  53  71 118  58  16   6   1  0.538  0.575 
 476 Y  87  98  85 117  76   2   1  0.650  0.681 
 477 G  53  79   6   1  58   7   1  0.321  0.251 
 478 T  71  76  86  53   3   2   2  0.858  0.673 
 479 L   6  87  79  56 107   2   1  0.132  0.280 
 480 G  53  81  96 120  76   5   1  0.421  0.205 
 481 I  72  82  87  61 117   9   1  0.101  0.252 
 482 N  73  57  96  36 118   3   1  0.290  0.323 
 483 R  61  70  99  74  58   7   1  0.116  0.046 
 484 D 117  20  87  71  85  10   1  0.755  0.887 
 485 Q  43 116  99  86   1   2   1  0.233  0.318 
 486 W  87  17  61  70  18   2   2  0.499  0.687 
 487 G  71   5  48 118  73   6   2  1.018  0.618 
 488 P 103 113   6  72  79   2   2  0.989  0.568 
 489 G  71  76   6  16  73   2   2  0.757  0.671 
 490 V  17  55   1 107 115   5   1 -0.064  0.500 
 491 E  71  73  36  81  61  10   1  0.147  0.265 
 492 T  71  19  72  81  37   9   2  0.285  0.301 
 493 A  72  66   6  38 117  11   1  0.359  0.264 
 494 D  73  70   1  36  21   6   2  0.381  0.453 
 495 R  19  68   5  71  48  10   2  0.726  0.389 
 496 M  66  20  72  27  81  10   1  0.137  0.109 
 497 R  21  24  72  45   2  11   1  0.241  0.172 
 498 F  40  22   1  76  68  10   1 -0.026  0.088 
 499 D  27  41  25  19  26  16   0 -0.350 -0.143 
 500 A  25  27  24  41  38  14   0 -0.333 -0.160 
 501 L  24  27  25  26  42  15   0 -0.480 -0.275 
 502 L  68  27  26  40  23  16   0 -0.492 -0.335 
 503 E  27  41  25  26  23  16   0 -0.519 -0.330 
 504 K  25  24  27  41  26  16   0 -0.507 -0.314 
 505 V  42  24  23  27  25  18   0 -0.483 -0.280 
 506 L  69  25  26  27  23  16   0 -0.410 -0.285 
 507 A  44  27  70  25  41  16   1 -0.098 -0.053 
 508 E  45  25  27  24  71  17   1 -0.003  0.104 
 509 L  72  24  42  46  86  14   1  0.314  0.351 
 510 E  41  27  26  73  89  15   1  0.008  0.306 
 511 P  27  24  25  48  41  12   0 -0.046 -0.129 
 512 I  24  25  23  27  79  16   0 -0.386 -0.228 
 513 A  23  81  42  41  26  16   0 -0.507 -0.375 
 514 L  44  81  27  24  25  15   0 -0.301 -0.172 
 515 Q  45  27  24  30  36  12   1  0.145  0.254 
 516 E  41  23  31  46  24  12   1 -0.072 -0.051 
 517 Q  41  44  27  25  26  15   0 -0.325 -0.196 
 518 L  25  27  24  66  26  15   0 -0.242 -0.102 
 519 F  24  25  27  39  78  14   1 -0.212 -0.174 
 520 C  23  41  27  42  26  14   0 -0.508 -0.358 
 521 I  96  25  41  27  56  15   0 -0.323 -0.231 
 522 N  10   9  97  42  27  16   0 -0.608 -0.518 
 523 F  98  10  28  99  62  15   0 -0.590 -0.549 
 524 F  11  70  63  12  88  14   1 -0.013  0.065 
 525 Q  83  71 109  11  13  10   1 -0.028 -0.014 
 526 M  63  72  12  98  45  14   1 -0.012 -0.025 
 527 D  83  69  75 112  28  15   1  0.580  0.363 
 528 V  84   1  73  47 112  10   2  1.131  0.847 
 529 I  85  30  87  71   5   5   2  1.098  1.070 
 530 S 120  86   6  72 116   4   2  0.656  0.467 
 531 P  71  55   2   3  18   3   2  0.472  0.897 
 532 T  72  36  19  17  85   8   2  0.850  0.780 
 533 T  55  17  88  46  85   2   2  0.887  1.246 
 534 K  17  87  71   2  45   4   2  0.689  0.898 
 535 N  73   1  53   3  36   3   2  0.586  0.590 
 536 T   6  72  88  47  73   5   2  0.878  0.668 
 537 Q  71  44  20  76  89   4   2  0.571  0.650 
 538 T  72  73  42  71   6  11   1  0.387  0.327 
 539 T  71  73   6   3  81  11   1  0.440  0.268 
 540 L   6  44  73 117  79   7   1  0.343  0.248 
 541 E  71  81  36  73  44   8   1  0.338  0.411 
 542 M  72   6  86 117  71  11   1  0.509  0.504 
 543 E  26   6  22  24  88   7   0 -0.056  0.043 
 544 K   5  73  53  58 115  10   1  0.575  0.316 
 545 A   6  95   5  79  27  12   1  0.288  0.062 
 546 V  60   6  99 115  70  10   1 -0.131 -0.238 
 547 D  56  60 115  42  61  12   0 -0.385 -0.345 
 548 M  69  29  72 117  98  11   1 -0.054 -0.082 
 549 T  70  11  57  69  60  16   1 -0.127 -0.244 
 550 Q   5  53  71  70  61  13   2  0.518  0.317 
 551 S   5   6  71  43  49   8   2  0.604  0.466 
 552 I  72  17  82 117  88   5   1  0.402  0.321 
 553 I  56  34  43  47  71   7   2  0.650  0.417 
 554 S  74  57  15 103  53   8   2  0.881  0.806 
 555 G  75  58   6  53   5   6   1  0.825  0.446 
 556 A  76  86 120  55   1   2   2  0.715  1.120 
 557 V  17  87  76  60   6   2   1  0.481  0.531 
 558 S  89  56 116 117  96   2   1  0.029  0.193 
 559 P 117  61  56  82  35   3   0 -0.035 -0.065 
 560 S  58  53  76  34 102   3   2  0.638  0.306 
 561 G   3  53  14  15  17   5   2  0.695  0.470 
 562 D  75  52  53 104  70   5   2  0.788  0.633 
 563 G  71   1  58  53 120   7   2  0.561  0.466 
 564 V  87  20  38   6  11   5   1  0.226  0.420 
 565 P  96  73 108  99  57   5   1 -0.041 -0.104 
 566 Q 117  61  19  55  53  11   1 -0.006  0.563 
 567 K  72  20 109 108  66  12   1  0.149  0.092 
 568 R  21 120  17  98  55   9   1  0.179  0.565 
 569 I   1 117  87  17  82  12   1  0.326  0.578 
 570 D  53  73  36  47 120  11   2  0.947  0.804 
 571 R  86  65  37  47  19  14   2  0.920  0.811 
 572 Q  66  20  76  27  48  16   1  0.692  0.317 
 573 I  24  68  27  36  39  16   1 -0.209 -0.025 
 574 N  68  27  47  40  22  14   1 -0.038  0.038 
 575 E  27  24  25  41  23  15   0 -0.510 -0.319 
 576 D  27  24  25  26  41  14   0 -0.507 -0.314 
 577 V  24  23  27  41  25  16   0 -0.510 -0.319 
 578 R  27  41  23  68  25  15   0 -0.480 -0.280 
 579 K  25  27  24  41  23  16   0 -0.510 -0.319 
 580 L  24  25  26  27  42  15   0 -0.480 -0.275 
 581 M  23  26  24  42  25  15   0 -0.494 -0.315 
 582 M  41  27  70  42  69  15   1 -0.172 -0.159 
 583 G  27  25   5  44  42  16   1  0.098  0.053 
 584 L   6  24  42  27  93  14   1 -0.105  0.032 
 585 F  46  69  55  51  57  11   1  0.104  0.767 
 586 G  44  70  47  83  33  13   2  0.777  0.526 
 587 C  54  71  74  98  45  13   1  0.402  0.498 
 588 L  55  79  72 111  93  11   1  0.231  0.793 
 589 E  73  55  89  47  51  10   2  0.638  1.469 
 590 P  65  44  19  27   3  12   1  0.325  0.168 
 591 E 120  64  45  38  66  11   2  0.685  0.476 
 592 L  37  86  65  39   1  13   2  0.579  0.622 
 593 V  68  77  75  44  90  15   2  0.583  0.408 
 594 S  25  27  96  21  24  17   0 -0.375 -0.273 
 595 F  94  42  80  24  95  15   0 -0.387 -0.188 
 596 I  69  42  98  41  27  16   0 -0.429 -0.342 
 597 Q  96  61  99  69  70  16   1 -0.143 -0.291 
 598 S  42  71  24   5  61  13   1  0.092  0.012 
 599 F  14  28  69 111  12  14   1 -0.125  0.007 
 600 E  88  70 111  83  69  14   1  0.535  0.438 
 601 R 120  43  71  84  45  14   2  0.903  0.664 
 602 V  72  86  45 102 111  12   2  0.732  0.710 
 603 D  46   2  88  83  86  13   2  0.836  0.849 
 604 S  47  76 113  48  73  16   2  1.515  0.770 
 605 F  38  48  66 114  76  13   2  0.985  0.506 
 606 Y  93  21  39  67  94  14   1 -0.036  0.193 
 607 S  68  22  77  94   3  12   1 -0.003  0.102 
 608 L   9  68  10  25 107  14   0 -0.611 -0.522 
 609 Y  24  98   9  10   8  13   0 -0.679 -0.579 
 610 V  10  11  23   9  97  14   0 -0.676 -0.629 
 611 F  98  25  99  23  24  13   0 -0.550 -0.434 
 612 V  23  25  12  99 100  14   0 -0.511 -0.317 
 613 R 109  62  26  13  45  12   0 -0.176 -0.172 
 614 L  63  82  45  72  10  12   1  0.096 -0.098 
 615 T  57 111  14  64  46  14   1  0.245  0.209 
 616 Q  53   5  31 119 113  10   2  1.111  0.659 
 617 H  75 120  53   1   5  12   2  0.965  0.713 
 618 V  86  71   6 107  59   4   1  0.303  0.224 
 619 M 116  82  43  35  55   7   1  0.055  0.496 
 620 S  70  36  61  56  48  12   1  0.440  0.194 
 621 A  71 118  12  84  16   9   1  0.555  0.655 
 622 Q  88 102 112 111  16   6   1  0.727  0.791 
 623 D  73  46 119   2  83  10   2  0.744  0.619 
 624 T   3 104  65  73 113  10   2  1.091  0.606 
 625 H  38  90  20  78 114  14   2  0.619  0.338 
 626 S  39  76  94  79 105  12   1  0.158  0.164 
 627 F  40 107  59 106   6  15   0 -0.233 -0.323 
 628 L  22  40  23 107   6  16   0 -0.363 -0.295 
 629 S  61  81   9 108  27  13   0 -0.558 -0.429 
 630 M  25  61  26 100  44  12   0 -0.293 -0.214 
 631 T  25 109  26 120  27  13   0 -0.147 -0.104 
 632 F  26  23   1  41  14  13   1 -0.265 -0.127 
 633 A  26  41  27  25  52  14   0 -0.321 -0.143 
 634 S  25  78  27  33  26  14   1 -0.159 -0.077 
 635 A  25  79  24  42  23  16   0 -0.374 -0.217 
 636 L  41 115  23  25  24  15   0 -0.522 -0.342 
 637 V  27 107  25  41  26  15   0 -0.531 -0.384 
 638 Q  24  25  27  98  45  15   0 -0.233 -0.140 
 639 V  24  23  46  42  99  14   0 -0.281 -0.233 
 640 K  57  69  53  41  25  15   1 -0.082 -0.026 
 641 R  44  45  47  27  70  15   2  0.631  0.389 
 642 S  54 120  45  24  71  13   2  0.528  0.432 
 643 F  17  46  72  27  69  13   1  0.287  0.210 
 644 D  47  44  75  73  70  12   2  1.013  0.690 
 645 R  25  27  19  44   5  14   1  0.240  0.189 
 646 F  72  34  54  66  55  12   2  0.465  0.777 
 647 M  55  73  51  88   3  15   1  0.521  1.122 
 648 Q  68  47  27  25  89  15   1  0.188  0.459 
 649 N  25  41  27  26  23  14   0 -0.519 -0.330 
 650 Q  24  23   6  42  25  14   0 -0.311 -0.199 
 651 L  23  69  41  25  24  15   0 -0.415 -0.303 
 652 L  44  27  24  26  70  13   1 -0.099 -0.123 
 653 S  23  42  70  24  27  13   0 -0.268 -0.211 
 654 I  24  41  23  98  26  15   0 -0.564 -0.469 
 655 R  70  90  42  88  25  14   1  0.304  0.324 
 656 E  24  61  26  53  71  13   1 -0.097 -0.024 
 657 A  80  69  87  72  11  14   1 -0.009  0.191 
 658 K  69  81  43 116  54  14   1  0.025  0.015 
 659 L  43  70  61  35  55  13   1  0.095  0.583 
 660 H  71 118  28  88 111  13   1  0.326  0.491 
 661 K  88 112  46  84 102  11   2  0.930  0.739 
 662 R  45  30 102  87 103   8   2  0.909  1.014 
 663 S  73  48  36  46  31   9   2  0.858  0.622 
 664 K  93  19 114  32 113   4   2  0.974  0.733 
 665 A  33  78  96  48  49  11   2  0.548  0.228 
 666 I 115   8 107   7  56   6   0 -0.353 -0.307 
 667 L  97  22   8 106  56  10   0 -0.345 -0.218 
 668 P  98  44  99   9 107   9   0 -0.450 -0.504 
 669 Y  58  10  99  11 109  10   0 -0.427 -0.531 
 670 V  98  53  65  80  16  11   1  0.175  0.237 
 671 E  11  44  63  82  99  12   1 -0.195 -0.299 
 672 N  64  45 109  53  43  13   1  0.316  0.251 
 673 F  65  37   1  19  80  14   2  0.244  0.303 
 674 E  20  88  75  69 111  12   1  0.587  0.527 
 675 N  38  43  24  29  39  17   1  0.043  0.096 
 676 F   1  39  48  40   3  14   1  0.453  0.168 
 677 A  88   3  69  86  31  13   1  0.734  0.602 
 678 Q  35  44  27  43  90  12   2  0.310  0.295 
 679 T  45  36  48  34  72  11   2  0.850  0.446 
 680 A  73  46   3  37 104  11   2  0.802  0.557 
 681 E  41  53  58   5  19  14   1  0.424  0.226 
 682 G  39  20  27  24 107  12   0 -0.237 -0.227 
 683 I  55  40  72  60  28  13   1 -0.251  0.274 
 684 F  69  88  44  42  12  14   1  0.038  0.122 
 685 R  44  70  43 117  82  14   1  0.219  0.082 
 686 K  71  45  53   5   1  11   2  0.743  0.620 
 687 S  72 112  53  88  46   8   2  0.723  0.603 
 688 D  69  28  53  43  76   9   1  0.290  0.210 
 689 R  45  18  48  36  70   9   2  0.892  0.630 
 690 R   5  71   3  36 104   9   1  0.776  0.548 
 691 T  72  46  55  31  86  11   2  0.577  1.022 
 692 D  48   2  38  43  34  14   2  0.715  0.364 
 693 M  55  35  45   3 107  11   1  0.266  0.570 
 694 E   3  57  75  73  88  13   1  0.809  0.575 
 695 K  44  19  37  94  27  14   1  0.076  0.265 
 696 W  59  20  93  26  24  16   1 -0.053 -0.033 
 697 Y  23  41  21  27  96  18   0 -0.403 -0.357 
 698 L  68  27  26  41  23  15   0 -0.493 -0.354 
 699 Q  25  42  27  44  23  16   0 -0.301 -0.161 
 700 L  45  24  27  25  26  16   0 -0.203 -0.100 
 701 V  26  24  23  25  41  15   0 -0.521 -0.355 
 702 N  26  41  27  25  44  15   0 -0.325 -0.196 
 703 A  25  27  44  26  41  16   0 -0.325 -0.196 
 704 I  25  72  42  27  24  14   0 -0.276 -0.138 
 705 F  26  69  51  41  55  12   1 -0.235  0.520 
 706 E  27  70  57  26  47  13   1  0.248  0.102 
 707 G  24  25   1  36  27  13   1 -0.193  0.122 
 708 I  80   6  55  42  41  15   0 -0.275  0.262 
 709 Q 116  69  75  60  44  14   1  0.215  0.017 
 710 L 117  71  45  44  98  11   1  0.197  0.152 
 711 H  72  34  45  87  24  13   2  0.491  0.513 
 712 S 112  14  37  55  46  15   1  0.438  0.805 
 713 Q  44  47  75  43  88  13   2  0.904  0.725 
 714 E  36   5  45  49 120   7   2  0.867  0.674 
 715 H  18  73   2   1  46   9   2  0.636  0.712 
 716 P  43  86  47  75  18  10   2  1.105  1.004 
 717 K  77  48   4  92  47  10   2  1.230  0.724 
 718 T  58  36  95   6   4   8   1  0.433  0.236 
 719 P   3 106  95  59  58  13   0  0.157 -0.207 
 720 V 107  38  96  20   8  12   1 -0.141 -0.164 
 721 Q   9 108  97  58  79  11   0 -0.284 -0.330 
 722 V  98  40  81  11  27  14   0 -0.576 -0.426 
 723 V  82  12  81  72  88  13   1  0.044  0.069 
 724 R  64 117  13 109 101  12   0 -0.229 -0.147 
 725 M  14  65  30  23 118  10   1  0.199  0.206 
 726 E  46 112  83  88  20  13   1  0.757  0.589 
 727 N   1  24   2  21  67  12   1  0.001  0.106 
 728 Y  68  19  22   1   3  16   1  0.101  0.171 
 729 H  27  77  23  41  25  14   0 -0.310 -0.166 
 730 H  24  25  27  41  23  15   0 -0.510 -0.319 
 731 M  27  24  42  23  25  14   0 -0.483 -0.280 
 732 Y  25  41  24  42  23  16   0 -0.497 -0.309 
 733 A  44  27  26  24  41  13   0 -0.329 -0.259 
 734 L  42  23  25  24  27  13   0 -0.483 -0.280 
 735 L  28  72  23  42  41  16   0 -0.290 -0.208 
 736 A  70  42  44  73  27  16   1  0.230  0.178 
 737 Q  45  30   5  48  44  13   2  1.016  0.497 
 738 L  46  72  29   6  87  12   2  0.458  0.609 
 739 K  47  46  73  90  96   5   2  0.806  0.533 
 740 V  33  51  48  68  31  10   2  0.510  0.540 
 741 P 116  25  54  20   7   7   1  0.030  0.059 
 742 G  38  55  16  58  65  12   1  0.384  0.810 
 743 L  55  82  40  22  87  15   1 -0.104  0.685 
 744 D  44  20  41  27  36  15   1  0.004  0.104 
 745 A  72  71  26  45  65  16   2  0.394  0.278 
 746 L  72  53  70  42  36  17   1  0.307  0.337 
 747 K  69  73  86  68  41  13   1  0.305  0.342 
 748 K  87  27  44  41  47  15   1  0.352  0.506 
 749 E  24  36 120  27  25  15   1 -0.003  0.139 
 750 A  23   3   6  24  37  13   1  0.159 -0.013 
 751 K  75  41  44  27  90  16   1  0.343  0.236 
 752 K  44  27  25  41  42  14   0 -0.301 -0.150 
 753 C  45  24  87  72  40  17   1  0.225  0.428 
 754 Y  23  73  27   6  41  15   1 -0.036 -0.022 
 755 N  47  27  44  26  19  15   1  0.269  0.207 
 756 D  45  25  24  27  20  16   1 -0.019  0.041 
 757 A  23  24 112  20  45  11   1  0.276  0.137 
 758 L  40  86  22  73  68  15   1  0.213  0.377 
 759 K  68  25  27  26  41  15   0 -0.477 -0.275 
 760 A  23  25  24  94  27  14   0 -0.501 -0.167 
 761 Y  24  23  25  59  41  14   0 -0.436 -0.361 
 762 V  96  23  41  42 107  12   0 -0.472 -0.448 
 763 T  28  69  44  11  27  12   1 -0.234 -0.201 
 764 Q  42  44  98  25  29  13   1 -0.209 -0.100 
 765 Y  28  30 109  11  99  14   0 -0.317 -0.254 
 766 F  70  43  31  14  72  11   2  0.409  0.284 
 767 G  44  69  32 111  83  12   2  0.518  0.372 
 768 R 119  49  72   5  45  12   2  0.828  0.554 
 769 P   1  34  54  36  73  13   2  0.562  0.590 
 770 L  51   3  55  37  86   9   1  0.557  1.177 
 771 E  44  88  90  39  77  15   1  0.551  0.441 
 772 K  45  74   5  48 120  13   2  1.219  0.742 
 773 L  22  68   6  55  79  13   1 -0.121  0.431 
 774 N  90  27  41  88  57  15   1  0.156  0.168 
 775 Q  44  96 107  24  27  16   0 -0.279 -0.319 
 776 F  27  45  25  42  24  16   0 -0.179 -0.054 
 777 F  12  69  46  27  24  13   1 -0.206 -0.107 
 778 E  70  47  44  82  77  12   1  0.638  0.314 
 779 G  48  27  45  25  24  14   1  0.258  0.086 
 780 V  72   6  93  24  25  12   1  0.077  0.161 
 781 Q  75   7  77  27  58  15   1  0.315  0.155 
 782 L 107  44   8 115  80  16   0 -0.375 -0.326 
 783 K  28 120 116 108  72  14   1  0.124  0.026 
 784 V  29  72  82 117  88  15   1  0.256  0.215 
 785 A  14  89  30  69  56  15   1  0.251  0.438 
 786 Q  70   5  52 119  15  11   2  0.871  0.541 
 787 G  16  53  71 120   5  11   2  0.921  0.763 
 788 V  17  63  55  87  72  12   2  0.328  1.000 
 789 K   2   7  47  73 120  11   2  0.836  0.606 
 790 E  19  74  65  37   3   9   2  0.618  0.547 
 791 T  75  20  66  79  72  11   2  0.614  0.445 
 792 E  67  21  53  73  16  14   2  0.474  0.517 
 793 I  68  87  38  22  40  16   1 -0.062  0.331 
 794 S  38  36  96 120  23  16   1  0.197  0.173 
 795 Y  41  23  24  58  21  16   0 -0.296 -0.335 
 796 Q  40  23   5  53  68  14   1  0.124  0.057 
 797 M  70  69  41  44  24  15   1 -0.007 -0.100 
 798 A  71  24  54  27  81  14   1 -0.092  0.040 
 799 F  28  23  43  82  24  14   0 -0.240 -0.214 
 800 S  64  36  73  70   1  13   2  0.457  0.507 
 801 K  19  37  71  65  23  14   2  0.292  0.299 
 802 Q  20  66  44  75  38  13   2  0.655  0.494 
 803 E  21  67  39 120  36  15   1  0.253  0.231 
 804 L  68  22  40  51  56  16   0 -0.219  0.155 
 805 R  41  75  23  96  57  14   1  0.008 -0.078 
 806 K  25  41  58  42  27  16   0 -0.320 -0.229 
 807 V  42  24  59  23   6  16   0 -0.239 -0.279 
 808 I  28  69  42  60  98  16   0 -0.414 -0.371 
 809 A  70  61  44  69  12  15   1 -0.035 -0.087 
 810 Q  45  71 101  30  70  13   2  0.433  0.390 
 811 Y  46  72  63 102  12  13   1  0.145  0.173 
 812 P  82  73  72  47  83  14   2  0.814  0.481 
 813 A  19  48  73  47  37  12   2  1.082  0.694 
 814 R  20  66  75  19   5  13   2  0.851  0.602 
 815 E  67  34  28  21   6  15   1  0.112 -0.039 
 816 V  55  51   3   1  56  15   1  0.213  0.865 
 817 K  47  89  88  48  51  10   2  1.001  1.138 
 818 K  27  44  25  74  45  15   1  0.234  0.361 
 819 G   6  34  26  25  45  15   1  0.222  0.081 
 820 L  73  27   3  41  24  14   1  0.061 -0.018 
 821 E  41  27  47  44  75  14   1  0.480  0.324 
 822 N  27  24  25  21  26  18   0 -0.437 -0.278 
 823 L  24   6  27  42  79  19   0 -0.190 -0.134 
 824 Y  23  27  69  41  42  18   0 -0.402 -0.307 
 825 K  44  27  41  26  70  17   1 -0.111 -0.127 
 826 K  45  25   5  27  24  16   1  0.193  0.109 
 827 V  72  42  63  55  24  17   1 -0.166  0.344 
 828 E  69  47  14  27  26  14   1  0.144  0.052 
 829 K  44  70  69  74  25  15   1  0.256  0.299 
 830 H   5  16  42  75  71  11   2  0.752  0.658 
 831 L  81  55  17  16  72   9   1  0.304  0.840 
 832 S  43  89  82  44 111  12   1  0.320  0.495 
 833 E  36  74  45  47 117  14   1  0.688  0.737 
 834 E  37   3  75   5  14   8   2  0.872  0.471 
 835 E  53  75  37  31 119  11   2  0.806  0.663 
 836 N  77  38  21  39 120  11   1  0.366  0.231 
 837 L  39  96  24  40  21  12   0 -0.290 -0.271 
 838 L  68  27  96  23  41  14   0 -0.430 -0.350 
 839 Q  41  23  94  27  42  13   0 -0.502 -0.200 
 840 V  98  27 108  10  59  16   0 -0.511 -0.502 
 841 V  24  23  11  27  42  14   0 -0.526 -0.379 
 842 W  26  69  25  23  24  13   0 -0.412 -0.310 
 843 H  44  70  26  83  27  13   1  0.177  0.067 
 844 A  71  45  16  72 101  13   2  0.494  0.538 
 845 M  72  46  55 112  43  15   2  0.432  0.789 
 846 Q  73  47   1   2  68   9   2  0.605  0.586 
 847 E  19  27  44  41  25  10   1 -0.160 -0.014 
 848 E   5  25  38  66  27  12   1  0.319  0.251 
 849 F  23  24  67  76  42  14   1 -0.085 -0.128 
 850 I  68  41  25  24  23  16   0 -0.482 -0.305 
 851 A  44  25  27  24  23  16   0 -0.316 -0.196 
 852 Q  23  24  45  27  41  16   0 -0.222 -0.172 
 853 Y  23  42  24  25  27  16   0 -0.483 -0.280 
 854 N  44  41  27  88  25  14   1 -0.049  0.093 
 855 Y  24  25  45  27  26  14   0 -0.203 -0.100 
 856 L  23  24  27  25  42  15   0 -0.483 -0.280 
 857 E  41  23  25  28  27  17   0 -0.494 -0.281 
 858 E  27  41  25  44  26  18   0 -0.325 -0.196 
 859 R  24  45  25  27  42  15   0 -0.179 -0.054 
 860 I  42  69  28  55  24  17   0 -0.312  0.256 
 861 Q  70  69  28  14  61  14   1 -0.054 -0.109 
 862 K  43  44  70  45   5  15   2  0.733  0.414 
 863 C  53  45  55  16 111  14   2  0.521  1.081 
 864 Y  46  88 102  63  83   9   2  0.524  0.479 
 865 A  47 103  90  48  74   8   2  1.410  0.978 
 866 G  91  30  85  48  35   7   2  1.206  0.725 
 867 A  79  93 105 112   6   9   1  0.441  0.332 
 868 M  94  76 106  32   7  13   1  0.209  0.227 
 869 I 107  33   8 115  38  11   1 -0.216 -0.102 
 870 N  97   7 108  95  36  15   0 -0.167 -0.086 
 871 L  56   8  61  79  80  12   0 -0.300 -0.238 
 872 E  54  16  44  81  20  15   1  0.351  0.407 
 873 F  63  35  82  98  17  14   1  0.080  0.032 
 874 N  64  83  34   2  82  11   1  0.461  0.187 
 875 I  65  37  14  19  73  15   2  0.533  0.471 
 876 Q  66  20  57  91  75  16   2  0.704  0.428 
 877 D  21  67  25  27  58  14   0 -0.163 -0.155 
 878 I  40  68  22  55   1  15   1 -0.274  0.450 
 879 L  41  25  27  96  42  17   0 -0.429 -0.275 
 880 A 999 999 999 999 999 999 999 -9.999 -9.999 
 881 F 999 999 999 999 999 999 999 -9.999 -9.999 
 882 F 999 999 999 999 999 999 999 -9.999 -9.999 
 883 S 999 999 999 999 999 999 999 -9.999 -9.999 
 884 D 999 999 999 999 999 999 999 -9.999 -9.999 
 885 I 999 999 999 999 999 999 999 -9.999 -9.999 
 886 A 999 999 999 999 999 999 999 -9.999 -9.999 
 887 R 999 999 999 999 999 999 999 -9.999 -9.999 
 888 S 999 999 999 999 999 999 999 -9.999 -9.999 
 889 H 999 999 999 999 999 999 999 -9.999 -9.999 